Locus	1	2	3	4	5	6	7	8	9	10	11	12	13	14	15	16	17	18	19	20	21	22	23	24	25	26
1	1	1	1	1	1	1	1	1	1	1	1	0	0	1	1	1	1	NA	1	1	NA	1	0	1	1	1
2	1	1	1	1	0	1	0	1	1	1	1	1	1	1	0	1	1	1	1	0	1	1	1	1	1	0
3	0	1	1	1	1	1	0	1	1	NA	1	1	1	1	0	1	1	1	1	0	NA	1	1	1	1	1
4	1	0	1	0	0	0	0	1	1	1	0	1	1	1	0	0	1	1	1	0	1	1	1	0	1	1
5	1	0	1	0	0	1	0	1	1	1	1	1	1	1	0	1	1	1	1	0	1	1	0	0	1	1
6	1	1	0	0	0	1	0	1	1	1	1	1	1	0	0	1	1	1	0	1	1	1	0	0	1	1
7	1	0	0	1	0	1	0	1	1	1	1	1	1	1	0	0	1	1	1	0	0	1	0	1	1	0
9	0	0	0	1	0	1	1	1	1	1	1	1	1	1	0	1	1	1	1	0	0	1	0	1	0	1
10	1	0	0	1	0	1	1	0	1	0	1	0	1	1	0	1	1	1	1	1	0	0	0	1	0	0
11	NA	0	0	0	0	1	NA	1	1	1	1	1	1	1	0	0	0	1	1	1	0	0	1	1	0	1
12	1	0	0	1	0	1	0	1	1	1	1	1	1	1	0	1	1	1	1	1	1	1	1	0	1	1
13	1	0	0	1	0	1	0	1	1	1	1	1	1	1	NA	1	1	1	1	1	1	1	0	1	1	1
14	0	1	0	1	0	1	1	1	1	1	1	1	1	1	1	1	1	1	1	1	1	0	1	1	0	1
15	0	1	0	NA	0	1	1	1	1	0	0	1	1	1	1	0	1	0	1	1	1	0	1	1	0	1
16	1	1	1	1	0	1	1	1	1	0	1	1	1	1	1	1	1	1	0	1	0	1	1	0	1	0
17	1	0	0	0	1	0	1	0	0	0	1	1	1	0	1	0	0	0	0	1	0	1	1	1	1	1
18	1	1	0	1	1	1	0	1	1	0	1	0	1	1	0	1	1	1	1	0	0	0	0	1	0	1
19	0	0	0	0	0	1	0	1	1	1	0	0	0	1	1	1	0	1	0	0	1	1	0	0	NA	NA
20	0	0	0	1	0	1	0	0	0	0	0	0	0	0	0	0	0	0	1	1	0	1	1	0	0	0
21	1	0	0	0	0	1	0	0	1	0	0	0	1	1	0	1	0	1	0	0	0	0	0	1	0	0
22	1	0	0	1	0	1	1	0	1	1	0	1	0	1	1	1	1	1	1	1	1	1	0	1	1	1
23	1	0	0	0	0	0	0	1	1	0	1	1	0	1	0	1	0	1	1	0	0	1	1	1	1	1
24	1	0	0	1	0	1	0	1	1	NA	1	1	1	1	0	1	1	1	1	1	0	0	1	1	1	1
25	1	1	0	0	1	NA	1	1	0	NA	NA	1	0	1	0	0	1	NA	0	1	0	1	1	1	NA	NA
26	1	1	0	1	NA	NA	1	NA	1	NA	1	0	1	1	0	1	1	1	1	0	0	0	1	1	NA	NA
27	1	1	1	1	0	1	0	0	1	0	0	0	0	1	1	0	1	1	1	0	1	1	1	1	1	1
28	1	0	0	1	0	NA	0	1	0	NA	1	1	1	0	0	0	1	1	1	1	0	0	0	0	0	1
29	1	1	1	1	0	0	0	0	1	1	0	1	0	1	0	1	0	0	0	1	0	1	1	1	0	0
30	1	1	1	1	0	1	1	1	0	1	1	0	1	0	1	1	1	1	1	0	1	1	1	1	0	1
31	0	1	1	0	1	0	0	1	1	1	1	1	1	1	1	0	1	1	1	1	1	1	0	1	1	1
32	1	0	0	0	0	NA	0	0	1	1	1	0	1	1	1	1	0	1	1	1	1	0	0	0	0	1
33	0	0	0	0	0	1	0	1	1	1	1	1	1	1	1	0	1	1	1	1	1	1	0	1	0	0
34	0	0	1	0	0	1	1	1	1	1	1	1	1	1	1	1	0	1	1	1	1	1	1	1	0	0
35	1	0	1	1	0	NA	0	1	1	0	1	1	1	1	NA	0	0	1	1	1	1	1	1	1	0	1
36	0	1	1	1	0	1	1	0	1	1	1	1	1	0	NA	1	1	1	1	1	1	0	1	1	1	1
37	0	0	0	1	1	NA	1	1	NA	0	1	1	1	1	1	1	0	0	1	1	1	0	1	1	1	0
38	1	1	1	0	1	NA	1	0	1	NA	1	1	1	1	0	1	1	1	0	1	1	1	0	0	1	0
39	1	0	1	1	1	NA	0	1	0	0	1	0	1	0	1	1	1	1	0	0	1	1	1	0	NA	NA
40	1	0	0	1	1	1	0	1	1	0	1	1	1	1	1	1	0	1	1	1	1	1	0	1	1	1
41	1	0	1	1	1	1	0	1	0	1	1	1	0	0	0	1	0	1	1	0	1	0	1	1	1	1
42	1	0	0	1	0	1	0	1	0	1	1	1	1	1	0	0	0	0	1	0	1	0	0	0	1	1
43	0	1	0	1	1	0	0	1	1	1	1	1	1	1	1	0	0	1	1	1	1	0	1	0	1	1
44	0	0	1	1	0	0	1	1	1	0	1	0	0	1	1	1	1	1	0	0	1	0	0	1	0	1
45	0	0	0	0	0	1	0	1	1	1	1	1	1	1	0	1	0	1	0	0	0	0	0	0	0	1
46	1	0	0	0	0	1	1	1	1	1	0	1	1	1	0	0	0	1	1	0	1	1	1	1	1	1
47	1	0	0	0	0	1	0	1	0	1	0	1	0	0	0	0	1	0	0	0	1	0	0	0	0	0
48	1	1	0	1	0	1	1	1	1	1	1	1	1	1	1	1	1	1	1	1	0	0	1	1	1	1
49	0	0	0	0	0	1	0	1	1	1	1	1	1	1	0	1	0	1	0	1	0	1	0	1	1	1
50	0	1	1	1	1	1	0	1	1	1	1	1	1	1	0	1	0	1	1	0	0	1	1	0	1	1
51	1	0	1	1	0	1	1	1	0	1	1	1	1	1	1	1	1	1	1	1	1	1	1	1	1	0
53	0	0	0	0	0	1	0	1	1	1	1	1	1	1	0	1	1	1	1	1	0	1	1	1	1	1
54	1	0	0	0	0	1	0	1	1	1	1	0	1	1	0	1	1	1	1	0	0	1	1	1	1	1
55	0	0	0	0	0	1	1	0	1	0	0	0	0	0	0	1	1	0	0	0	0	1	0	1	0	1
56	1	0	0	1	0	NA	0	0	1	0	1	0	1	0	0	1	1	1	0	1	0	1	1	1	1	1
57	1	1	1	1	0	1	1	1	1	1	1	1	0	1	1	1	1	0	1	1	1	1	1	0	NA	NA
58	0	1	1	1	0	1	1	1	1	1	1	1	1	0	1	1	0	0	1	1	0	1	1	1	NA	NA
59	1	1	1	1	0	0	1	0	1	0	1	1	1	1	1	1	0	1	1	0	0	1	0	0	1	0
60	1	1	1	1	0	0	1	1	1	1	1	1	1	0	1	1	0	1	1	0	1	1	0	1	1	0
61	0	0	0	1	0	1	0	1	0	1	1	1	1	0	1	1	0	0	0	1	0	1	1	1	0	0
62	0	0	1	1	1	0	0	1	1	0	1	1	1	0	0	1	1	0	0	1	0	0	0	0	0	0
63	1	0	1	1	1	1	0	0	1	1	0	0	0	1	1	1	1	0	1	1	1	1	1	0	1	1
64	0	0	0	NA	0	0	0	0	0	0	0	0	0	0	0	0	0	0	0	1	0	0	1	0	1	0
65	1	0	1	1	0	1	0	0	0	1	0	1	1	1	NA	0	1	0	1	1	0	0	0	1	0	1
66	0	1	1	0	1	0	0	0	1	1	1	1	1	1	1	0	0	1	0	0	1	1	0	1	0	0
68	NA	0	0	0	0	1	NA	0	1	0	0	0	0	1	0	0	0	1	1	1	0	1	1	0	0	1
69	0	0	0	0	0	1	0	0	0	NA	0	0	0	0	0	1	0	0	0	0	0	1	0	1	1	0
70	1	1	0	0	1	0	0	1	1	1	1	1	0	0	1	0	0	0	0	1	1	0	0	0	1	1
71	0	1	1	0	1	1	0	1	1	1	0	1	1	1	0	1	1	1	1	1	0	1	1	1	1	0
72	1	0	0	0	0	1	1	0	1	1	1	1	1	1	1	1	1	0	1	0	0	0	0	0	1	1
73	1	0	1	1	1	0	0	0	1	1	1	1	1	1	0	1	0	0	0	0	1	0	0	0	0	0
74	1	0	0	1	0	1	0	1	0	1	1	1	1	1	0	0	1	1	1	1	0	1	1	1	1	1
75	1	0	0	0	0	1	0	1	1	1	1	1	1	1	0	1	1	1	1	1	0	1	1	1	1	1
76	1	0	0	0	0	1	0	1	1	1	1	1	1	1	1	1	1	1	1	1	0	1	1	1	0	1
77	NA	0	0	0	0	NA	0	1	1	NA	0	0	1	1	1	1	0	1	1	1	0	1	1	1	1	1
78	1	0	0	0	0	1	0	1	1	1	1	1	1	1	1	1	1	1	1	1	0	1	1	1	1	1
79	0	1	0	0	NA	1	0	1	1	1	1	1	1	1	1	1	1	1	1	1	1	1	1	1	1	1
80	1	NA	0	0	0	NA	0	1	1	NA	1	NA	1	1	NA	0	0	1	0	1	1	1	0	1	NA	1
82	1	0	0	0	0	1	0	1	1	1	1	1	1	1	0	1	1	1	0	0	1	1	1	0	0	1
83	NA	NA	1	1	1	0	0	0	1	NA	1	NA	1	1	1	1	0	1	1	1	0	0	1	1	0	1
84	0	0	1	0	0	0	1	1	0	0	1	1	1	1	0	0	0	1	0	0	1	1	1	0	1	1
85	1	0	0	1	0	0	1	1	1	1	1	1	1	1	0	1	0	1	1	1	1	1	1	1	0	1
86	1	0	0	0	0	1	1	1	1	0	1	0	1	1	0	1	0	0	1	1	1	0	1	1	1	0
87	1	0	0	NA	0	1	0	1	1	1	1	1	1	1	0	1	1	1	0	0	1	1	1	1	1	1
88	1	0	0	1	0	1	0	1	0	0	0	0	1	1	0	0	1	0	1	1	1	1	1	1	1	1
89	1	1	0	0	0	1	1	1	1	0	1	1	1	1	0	1	1	1	1	1	1	1	0	1	1	1
90	1	0	0	1	0	1	0	1	1	NA	1	1	1	1	1	0	0	1	1	1	1	1	1	1	1	1
91	0	0	0	1	0	1	0	1	1	1	1	1	1	1	1	1	0	1	1	0	1	1	0	1	1	0
92	1	0	0	0	0	1	0	1	1	1	1	1	1	1	0	1	0	1	1	1	1	0	1	1	1	0
93	1	0	0	0	0	0	0	1	1	NA	1	1	1	1	0	1	0	1	1	1	NA	NA	1	NA	0	0
94	1	0	1	1	0	0	0	1	0	1	1	1	1	1	0	1	0	0	1	1	1	1	1	1	0	1
95	0	0	1	0	0	1	0	1	1	1	0	1	1	1	0	0	0	1	1	1	1	1	0	0	1	1
96	1	0	0	0	1	1	1	1	1	NA	0	1	1	0	1	1	1	1	0	1	1	1	0	0	0	0
97	1	0	1	1	0	NA	1	1	1	1	1	1	1	1	0	1	1	1	1	0	0	1	1	1	1	1
98	NA	0	0	0	0	NA	0	NA	1	NA	0	NA	1	1	1	0	0	1	1	0	0	1	1	1	1	1
99	1	1	0	1	0	1	0	1	1	1	1	1	1	1	1	0	0	1	1	0	1	1	1	1	0	1
100	1	0	0	1	0	1	0	0	0	NA	0	1	1	1	1	0	0	0	0	0	1	1	1	0	1	1
101	1	1	1	1	1	1	0	1	1	1	1	1	1	1	1	0	1	1	0	0	1	0	1	1	1	1
103	0	0	1	0	0	1	0	1	1	0	1	1	1	1	1	1	0	1	1	1	0	1	1	1	1	1
104	1	1	0	0	1	0	0	1	1	NA	1	1	1	1	1	0	1	1	1	1	1	0	0	1	1	0
105	1	0	0	0	0	0	0	1	1	1	1	1	1	1	1	1	0	1	0	1	1	1	0	1	1	1
106	0	0	0	0	0	1	0	1	1	1	1	1	1	1	0	1	0	1	1	0	0	0	1	1	1	1
107	0	0	0	1	0	1	0	1	NA	1	1	1	1	1	0	1	1	1	1	1	1	1	1	1	1	1
108	1	0	0	1	NA	1	0	1	1	1	1	1	1	1	0	1	1	1	1	1	1	1	1	1	1	1
109	1	0	0	1	0	1	0	1	1	1	1	1	1	1	0	1	1	1	1	1	1	1	1	0	1	1
110	0	1	0	1	0	0	0	1	1	1	1	1	1	1	0	1	0	1	0	0	0	0	1	0	0	1
111	1	0	0	0	1	1	1	1	0	NA	0	1	1	0	0	1	1	0	1	1	1	0	1	1	0	1
112	1	0	0	0	1	1	1	0	0	1	1	1	1	NA	NA	0	0	0	1	1	1	1	1	1	1	0
113	1	1	0	1	1	1	0	1	NA	1	1	1	1	1	1	1	1	1	1	0	1	0	0	1	NA	NA
114	0	1	0	1	0	1	0	1	0	1	1	0	1	0	0	1	1	0	1	0	1	1	0	1	1	0
115	1	0	0	0	0	1	0	0	0	1	1	1	1	1	0	0	0	0	1	1	1	1	0	1	NA	NA
116	1	1	0	1	0	NA	0	1	1	NA	1	NA	1	1	1	1	1	1	1	0	1	1	0	1	1	1
117	1	1	0	0	1	NA	1	1	0	NA	1	1	1	0	1	1	0	0	1	1	1	0	0	1	NA	NA
118	0	1	0	0	0	0	0	1	1	NA	1	1	1	0	1	1	1	1	0	1	1	0	1	0	0	0
119	1	1	1	0	1	1	0	1	1	1	1	1	1	0	1	1	1	1	1	1	1	0	1	1	1	1
120	0	1	0	1	1	1	1	0	1	0	1	0	0	0	0	0	1	1	0	1	0	1	1	0	1	1
121	0	NA	1	0	1	NA	1	NA	1	NA	1	NA	1	1	0	0	1	1	1	1	1	1	1	1	1	1
122	1	0	0	1	0	NA	0	1	NA	NA	1	1	1	1	0	1	0	1	1	1	1	0	1	1	1	1
123	1	0	0	1	0	1	0	1	1	1	1	1	1	1	0	1	1	1	1	1	1	1	1	1	1	1
125	1	0	1	1	1	1	1	1	1	1	1	1	1	1	1	1	1	1	0	1	1	1	1	1	1	1
126	0	0	1	1	1	1	1	1	1	1	1	1	1	1	1	1	1	1	0	1	1	1	1	1	NA	NA
127	0	1	1	1	0	1	1	1	1	1	0	1	0	1	0	1	1	0	1	1	1	0	1	1	0	0
128	0	0	1	1	1	1	0	1	1	1	1	1	1	1	1	1	1	1	1	0	1	1	1	1	1	1
129	0	1	1	1	1	1	1	1	1	1	1	1	1	1	0	1	0	1	1	1	0	1	0	0	0	0
130	1	0	0	1	0	0	0	0	1	1	0	1	0	1	1	1	0	0	0	1	0	1	0	0	0	1
131	1	0	0	0	0	1	0	1	1	1	1	1	1	1	1	1	1	1	1	1	1	1	1	1	0	1
132	1	0	0	0	0	1	1	1	1	0	1	1	1	1	0	1	0	1	1	1	0	1	1	1	1	1
133	0	0	0	0	0	0	0	1	1	NA	1	1	1	1	0	1	0	1	0	1	1	1	1	0	0	0
134	1	1	0	0	1	1	1	1	0	1	1	1	1	1	1	1	1	0	1	1	1	1	1	1	NA	NA
135	0	0	0	1	0	1	0	1	0	1	1	1	1	0	0	1	1	0	1	0	0	1	1	1	0	1
136	1	0	0	0	0	0	0	1	1	1	1	1	1	1	0	0	1	1	0	0	0	1	0	1	1	1
138	1	0	0	1	0	1	0	1	1	1	1	1	1	1	1	1	1	1	1	1	1	0	1	1	0	0
139	1	0	0	1	0	1	0	1	1	1	1	1	1	1	0	1	1	1	1	0	1	1	1	1	1	1
140	0	0	0	1	0	1	0	0	0	0	0	0	0	1	0	1	0	0	1	1	1	1	0	1	1	1
141	1	1	0	1	1	1	0	1	1	1	0	1	1	0	0	0	0	1	0	0	0	0	1	1	1	1
142	1	1	0	0	1	1	0	1	1	1	1	1	1	1	0	0	0	1	1	1	1	0	1	1	1	0
143	0	0	0	1	0	0	0	1	1	1	1	1	1	1	1	0	0	1	1	1	1	0	0	1	0	0
144	0	1	1	NA	0	NA	1	0	0	1	1	NA	0	0	1	1	0	NA	1	1	0	0	0	1	1	1
145	NA	0	0	1	0	NA	0	NA	0	NA	1	NA	1	1	0	0	0	1	1	0	0	0	0	1	1	1
146	0	0	0	0	1	0	1	0	1	0	0	0	0	0	0	0	0	0	0	0	0	0	0	1	1	1
147	1	0	0	1	1	1	1	1	0	1	1	1	1	1	0	1	0	1	0	1	0	0	0	0	1	1
148	0	0	0	0	0	NA	0	NA	1	NA	1	NA	1	1	1	1	0	1	1	0	1	0	NA	0	0	1
149	0	1	0	1	0	1	1	1	1	1	1	1	1	0	1	1	1	1	1	1	1	1	1	0	1	1
150	1	0	0	1	0	1	0	1	1	1	0	0	1	1	1	1	1	1	1	1	1	0	0	1	1	1
151	0	1	0	0	1	1	1	0	0	1	0	0	1	0	0	0	0	0	0	0	1	0	1	0	0	0
152	0	1	0	1	1	1	1	1	1	1	1	1	1	1	1	1	0	1	1	0	1	1	1	1	1	1
153	1	0	0	0	1	1	1	1	0	1	1	1	1	1	1	1	0	1	0	0	1	1	1	1	1	1
154	0	0	0	1	0	1	0	1	NA	NA	1	1	1	0	1	0	0	1	0	1	1	1	1	1	0	0
155	1	0	1	0	1	NA	1	0	1	1	0	0	1	1	1	1	0	1	1	1	0	1	1	0	0	1
156	0	1	0	0	0	1	0	1	1	1	1	1	1	1	1	1	1	1	1	0	1	0	1	1	1	1
157	1	0	0	1	0	1	0	1	1	1	1	1	1	1	1	1	1	1	1	0	0	1	1	1	1	1
158	0	0	1	0	1	1	0	1	NA	NA	1	1	1	1	1	1	0	1	0	1	1	0	0	1	1	0
159	1	1	1	1	1	1	1	1	1	1	1	1	1	1	1	1	1	1	1	0	1	0	1	1	1	1
161	0	1	1	1	0	1	1	0	1	1	0	1	1	1	0	1	1	0	1	1	1	1	1	1	1	1
162	1	1	1	1	1	1	1	1	0	0	1	0	1	1	0	0	1	1	1	0	1	0	1	1	1	1
163	0	0	0	0	0	0	0	1	0	1	1	1	1	0	1	0	0	0	0	0	0	1	1	0	1	1
164	0	0	1	1	0	1	0	1	0	1	1	1	1	1	1	1	1	0	0	0	0	1	1	1	1	1
165	1	1	1	0	1	NA	1	1	0	NA	1	1	1	1	1	1	1	1	0	1	1	1	0	1	1	1
166	NA	NA	0	1	1	NA	0	1	1	NA	1	NA	1	1	1	1	0	1	1	1	0	0	1	1	1	1
167	1	NA	0	1	0	1	1	1	1	1	1	NA	1	1	NA	1	0	1	1	1	1	0	1	1	NA	1
168	1	0	1	1	0	0	0	1	0	1	0	0	0	1	1	0	0	0	1	0	1	0	1	1	1	1
169	0	0	0	0	0	0	0	0	0	0	0	0	0	0	0	0	0	0	0	0	0	0	1	0	0	0
170	1	0	0	1	0	1	0	1	0	1	1	1	1	1	1	0	0	NA	1	1	0	1	1	0	1	1
171	1	0	0	1	0	1	0	1	1	1	1	1	1	1	1	1	0	1	1	1	0	1	0	0	NA	NA
172	1	1	0	0	0	1	0	1	1	1	1	1	1	1	1	1	0	1	1	1	1	1	1	1	1	1
173	0	0	0	0	0	1	0	1	1	1	1	1	1	1	1	0	0	1	1	0	0	1	1	1	0	0
174	1	0	0	1	0	1	0	0	1	1	1	0	1	0	1	1	0	0	1	1	0	1	0	0	1	1
176	1	1	0	1	1	1	0	1	1	1	1	1	1	1	1	1	1	1	1	1	0	1	1	1	1	1
177	0	1	0	0	1	1	1	1	1	1	1	1	1	0	1	1	1	1	1	1	0	1	0	1	1	0
178	0	0	0	0	0	1	0	0	1	0	0	0	0	1	0	1	0	1	0	1	0	0	1	1	0	1
179	0	0	0	1	0	1	0	0	0	0	0	0	0	0	0	1	0	0	0	1	0	0	1	1	0	0
180	1	0	0	1	0	1	0	1	1	1	1	0	1	1	1	1	0	1	0	0	1	1	0	0	1	0
181	1	0	0	1	0	1	0	1	1	1	1	1	1	1	1	1	0	1	1	1	1	1	1	1	1	1
182	1	0	0	1	0	1	0	1	1	1	1	1	1	1	0	1	1	1	1	1	1	1	1	1	1	1
183	0	0	0	0	0	1	0	1	1	1	1	1	1	1	1	1	1	1	1	1	1	1	0	1	1	1
184	1	0	0	1	0	1	0	1	1	0	1	0	1	1	1	0	1	1	1	1	1	1	1	1	1	1
185	1	1	1	1	1	0	1	1	NA	1	1	1	1	1	1	0	1	1	0	1	1	1	1	0	1	1
186	1	1	1	1	1	1	1	1	1	1	1	1	1	1	1	1	1	1	1	1	0	0	1	1	1	1
187	0	1	1	1	1	1	1	0	1	1	1	1	1	1	1	1	1	1	1	0	1	1	1	0	1	1
188	1	0	0	1	0	NA	0	1	1	NA	1	1	1	1	0	1	0	1	1	0	1	1	1	1	1	1
190	0	1	1	0	1	1	0	1	1	1	1	1	1	0	1	1	1	0	1	1	1	1	1	1	1	1
191	1	0	0	0	0	1	0	1	1	1	1	1	1	1	0	1	0	1	1	0	0	1	1	1	1	1
192	1	0	1	1	0	0	0	1	1	1	1	1	0	1	1	1	1	1	1	1	0	1	1	1	1	1
193	1	1	0	0	1	1	1	1	1	1	1	1	0	1	0	0	1	1	1	0	0	1	0	1	0	0
194	0	1	0	1	1	0	1	0	0	1	1	1	1	0	0	0	0	0	0	0	0	0	0	1	1	0
195	0	1	1	1	1	0	0	1	1	0	1	1	0	0	1	0	1	0	1	1	0	1	0	1	1	1
196	1	0	0	1	0	1	0	0	NA	1	0	1	1	1	1	1	0	1	1	1	1	1	0	1	NA	NA
197	1	0	1	1	1	1	0	1	1	1	1	1	1	0	1	1	0	1	1	0	1	1	1	1	1	0
199	1	0	0	1	1	1	0	1	1	1	1	1	1	1	1	1	0	1	1	1	0	1	0	1	1	0
200	1	0	1	1	0	0	0	1	1	0	1	1	1	0	0	1	0	1	1	1	0	1	1	1	1	1
201	1	1	1	0	1	1	1	1	1	0	1	1	1	1	1	1	1	1	1	1	1	1	0	1	1	1
202	1	0	0	0	0	1	1	0	1	1	1	1	1	1	0	0	0	1	1	1	1	1	1	0	0	1
203	1	1	0	1	1	0	0	1	NA	1	1	1	1	1	1	1	0	0	1	1	1	1	1	1	1	1
205	1	0	0	0	NA	0	0	0	0	0	0	1	0	0	0	0	0	0	0	1	0	1	1	0	0	1
206	1	0	0	1	0	1	1	1	1	1	1	1	1	1	1	1	1	1	1	1	0	1	NA	1	1	1
207	1	0	0	1	1	0	1	0	0	1	0	0	1	0	1	1	1	0	1	1	0	1	1	0	1	1
208	NA	0	1	1	0	0	NA	0	1	NA	1	1	1	1	0	1	0	1	1	1	0	0	1	0	0	1
209	1	0	1	0	0	1	0	1	1	1	1	1	1	0	1	1	1	0	0	0	1	1	1	0	0	1
210	NA	NA	0	0	1	NA	1	NA	1	1	1	1	1	NA	NA	1	1	1	1	1	1	1	1	1	1	1
211	0	0	0	1	1	0	1	1	1	1	1	1	1	1	0	0	1	1	1	0	1	1	0	1	1	1
213	0	1	0	0	0	0	1	1	1	NA	1	1	1	1	0	1	1	1	0	1	1	0	1	0	0	0
