Locus	1	2	3	4	5	6	7	8	9	10	11	12	13	14	15	16	17	18	19	20	21	22	23	24	25	26
1	0	NA	1	0	1	0	0	1	0	0	1	0	1	0	0	0	0	0	1	1	0	0	0	0	0	0
2	1	0	0	0	0	1	0	1	1	0	1	1	1	1	0	0	1	1	0	1	0	0	0	1	1	0
3	1	1	0	0	0	1	0	1	1	0	1	0	0	1	1	1	0	1	0	1	1	1	0	0	0	0
4	0	0	0	0	0	0	0	0	0	0	0	0	0	0	0	0	0	0	0	0	0	0	0	0	0	0
5	0	0	0	0	0	0	0	0	0	0	0	0	0	1	0	0	0	0	0	0	0	0	1	0	0	0
6	0	0	0	0	0	0	0	0	0	0	0	0	0	0	0	0	0	0	1	0	0	0	0	1	0	0
7	0	0	0	0	0	1	0	1	1	1	1	1	1	1	0	1	1	1	1	0	0	1	0	1	0	0
8	0	1	1	0	0	1	0	1	0	1	1	0	1	0	1	0	0	0	1	0	0	0	0	0	0	0
9	0	0	1	1	0	0	0	0	1	0	0	1	0	1	0	0	1	1	1	1	0	0	0	0	1	0
10	0	1	0	0	0	0	0	1	0	0	0	1	0	1	0	1	0	0	1	1	0	1	0	0	0	1
11	0	1	0	0	0	0	0	0	0	1	0	0	1	1	0	0	1	0	0	0	0	1	1	0	0	0
12	1	1	0	0	1	1	0	1	0	1	0	0	1	1	1	0	0	0	0	0	0	0	1	1	0	0
13	0	1	0	0	1	0	0	0	0	1	1	0	1	1	1	0	1	0	0	1	0	0	0	1	0	0
14	0	0	0	1	0	1	0	1	0	1	1	1	1	1	0	0	1	1	1	1	1	1	1	1	0	1
15	0	0	0	0	0	0	0	0	0	0	0	0	0	0	0	0	0	0	0	0	0	1	1	1	1	1
16	0	0	0	0	0	0	0	0	0	0	1	0	1	0	0	0	0	0	0	0	0	0	0	0	0	0
17	1	0	0	0	0	0	0	0	0	0	0	0	1	0	0	0	0	0	0	0	0	1	0	0	0	0
18	0	0	0	1	0	0	0	0	0	0	0	0	0	1	0	1	0	1	1	1	0	0	0	1	0	0
19	0	0	0	0	0	0	0	0	0	0	0	0	0	0	0	0	0	0	0	0	0	0	0	0	0	0
20	1	0	0	0	0	0	0	1	0	1	1	1	0	0	0	0	0	0	0	0	0	0	0	1	0	1
21	1	0	0	0	0	0	0	0	0	1	0	0	1	0	0	0	0	0	0	1	0	0	1	1	0	0
22	0	1	0	0	0	0	0	1	1	1	1	1	1	1	0	0	1	1	1	0	0	0	0	1	0	0
23	0	0	0	0	0	0	0	0	0	0	0	0	0	0	0	0	0	0	0	0	0	0	0	0	0	0
24	0	0	0	0	0	1	0	1	1	1	1	1	0	1	0	0	0	1	1	0	0	1	0	0	0	0
25	0	0	0	0	0	0	0	0	0	0	0	0	0	0	0	0	0	0	0	0	0	0	1	0	0	0
26	0	0	0	0	0	0	0	1	1	1	0	1	0	1	0	0	1	1	1	0	1	0	0	0	0	0
27	0	0	0	0	0	0	0	0	0	0	0	0	0	0	0	0	0	0	0	1	0	0	0	1	0	0
28	0	0	0	0	0	0	0	0	0	0	0	0	0	0	0	0	0	0	0	0	0	0	0	0	0	0
29	0	0	0	0	0	0	0	0	0	0	0	0	0	0	0	0	0	0	0	0	0	0	0	0	0	0
30	0	0	0	0	0	0	0	0	0	1	1	0	0	1	1	0	0	0	0	0	0	0	0	0	0	0
31	1	0	0	0	0	0	0	0	0	0	1	0	1	0	0	0	0	0	0	0	0	0	0	1	0	0
32	0	0	1	0	1	0	1	0	1	0	1	1	1	0	1	0	0	1	0	0	0	1	0	0	0	0
33	1	0	0	1	0	0	0	0	1	0	0	1	0	1	0	1	0	1	1	1	1	1	1	1	0	1
34	0	0	0	0	0	0	0	0	0	0	0	0	0	0	0	0	0	0	0	0	0	0	0	0	0	0
35	0	0	0	0	0	0	NA	1	0	0	1	0	NA	0	1	0	1	0	1	0	1	1	0	1	1	1
36	0	0	0	1	0	0	0	0	0	0	0	0	0	0	0	0	0	0	1	0	0	0	1	0	0	0
37	0	0	0	1	0	0	0	0	0	0	0	0	0	0	0	1	0	1	0	0	0	1	1	1	0	0
38	0	1	1	1	1	1	1	1	1	1	1	1	1	1	1	1	0	0	1	0	1	0	0	0	1	0
39	0	0	0	0	0	0	0	0	0	0	0	0	0	0	0	0	0	0	0	0	0	0	0	0	0	0
40	0	0	0	0	0	1	0	0	0	0	0	0	0	0	0	0	1	0	0	0	0	0	0	0	0	0
41	1	0	0	0	0	0	0	0	0	1	0	0	0	0	0	0	0	0	0	0	0	0	0	0	0	0
42	0	0	0	0	0	0	0	0	0	0	0	0	0	0	0	0	0	0	0	0	0	0	0	0	0	0
43	0	0	0	0	0	0	0	0	0	0	0	0	0	0	0	0	0	0	0	0	0	0	0	0	0	0
44	0	1	1	0	0	1	1	1	1	0	0	1	0	0	1	1	1	0	0	1	1	0	1	1	0	0
45	0	1	1	0	0	0	1	1	1	0	0	1	0	0	1	1	0	0	0	0	0	1	1	1	1	0
46	1	1	0	0	0	1	0	0	1	0	1	0	1	0	0	1	0	0	0	0	0	0	1	0	0	0
47	0	1	0	0	0	1	0	1	0	0	0	0	0	0	0	1	0	0	0	0	0	0	0	0	0	0
48	0	0	0	NA	0	NA	0	0	1	0	0	0	0	0	0	0	1	1	1	0	0	0	1	0	0	1
49	0	0	0	0	0	0	0	0	0	0	0	0	0	0	0	0	0	0	0	0	0	0	0	0	0	0
50	0	0	0	0	0	0	0	0	0	1	0	0	0	1	0	0	0	0	0	0	0	1	0	0	1	0
51	1	0	1	0	0	0	1	0	0	1	1	1	1	1	1	1	0	0	1	0	1	1	0	0	1	0
52	1	0	0	1	0	0	0	1	1	1	1	0	1	1	1	1	0	0	1	1	1	0	1	1	0	1
53	1	0	0	1	0	0	0	1	1	1	1	0	1	1	1	1	0	0	1	0	1	1	1	0	0	0
54	0	0	0	0	0	0	0	1	1	1	1	1	1	1	1	1	1	1	NA	NA	1	NA	NA	0	NA	NA
55	1	0	0	0	0	1	0	1	1	0	1	0	1	0	1	1	0	1	1	1	1	1	1	1	0	1
56	0	0	0	0	0	0	0	0	0	0	0	0	0	0	0	0	0	0	0	0	0	0	0	0	0	0
57	1	0	0	1	0	0	0	1	1	1	1	0	1	1	1	1	0	0	1	0	1	1	1	0	0	0
58	0	1	0	0	1	0	0	1	0	0	0	0	0	0	0	0	0	0	0	0	0	0	0	0	1	0
59	1	0	0	0	0	0	0	0	1	1	1	0	1	1	1	1	0	1	1	1	1	0	0	1	0	1
60	0	0	0	0	0	0	0	0	1	0	0	0	0	1	0	1	0	1	1	1	0	0	0	1	0	1
61	0	0	0	0	0	0	0	0	0	0	0	0	0	0	0	0	0	0	0	0	0	0	0	0	0	0
62	0	0	0	0	0	0	0	0	0	0	0	0	0	0	0	0	0	0	0	0	0	0	0	0	0	0
63	0	0	0	0	0	0	0	1	1	1	1	1	1	1	1	1	0	1	1	1	1	1	1	0	0	0
64	0	0	0	0	0	0	0	0	0	0	0	0	0	0	0	0	0	0	0	0	0	0	1	0	0	0
65	0	0	0	0	0	0	0	0	0	0	0	0	0	0	0	0	0	0	0	0	0	0	0	0	0	0
66	0	0	0	0	0	0	0	0	0	0	0	0	0	0	0	0	0	0	0	1	0	0	1	0	0	0
67	0	0	1	0	1	0	0	0	1	0	1	1	1	0	1	0	0	1	1	0	1	1	1	0	1	0
68	0	1	1	1	1	1	1	1	1	0	0	0	0	0	1	0	1	0	1	1	0	0	1	1	1	0
69	0	0	1	0	0	0	1	0	1	0	1	0	0	0	0	0	0	0	1	0	0	0	1	0	0	1
70	0	0	0	0	0	0	0	0	0	0	0	0	0	0	0	0	0	0	0	0	0	0	0	0	1	0
71	1	0	0	1	0	0	0	0	1	1	0	1	0	0	1	1	0	1	0	1	1	0	1	0	0	0
72	0	0	0	0	0	0	0	0	0	0	0	0	0	0	0	0	0	0	0	0	0	0	0	0	0	0
73	0	0	0	1	1	0	1	0	1	1	0	0	1	0	1	0	0	0	0	0	0	0	1	1	1	0
74	0	0	0	1	0	1	0	1	0	1	1	1	1	1	0	1	0	0	1	1	0	0	1	0	1	0
75	0	0	0	0	0	0	0	0	0	0	0	0	0	0	0	0	0	0	0	0	0	0	0	0	0	0
76	1	1	0	1	1	0	1	1	1	1	0	0	0	0	0	1	0	0	0	1	0	1	1	0	1	1
77	1	0	0	0	0	1	0	1	0	0	0	0	0	0	0	0	1	0	0	1	0	0	0	0	0	0
78	0	0	0	0	0	0	0	0	0	0	0	0	0	0	0	0	0	0	0	0	0	0	0	0	0	0
79	0	0	0	1	0	1	0	0	0	0	0	0	0	1	0	1	1	1	0	0	1	0	0	1	1	0
80	1	0	0	1	0	1	0	0	0	1	1	0	1	1	0	0	0	1	0	1	0	0	0	0	0	0
81	0	1	0	0	1	0	1	1	0	1	0	1	0	1	1	0	0	0	1	0	0	0	1	1	0	1
82	1	0	0	0	0	0	0	0	0	0	0	1	1	0	0	0	0	0	0	0	0	0	0	0	0	0
83	0	1	0	0	0	0	0	0	0	0	0	0	0	0	0	0	NA	0	0	0	0	1	0	NA	0	1
84	0	0	0	0	0	0	0	1	0	1	1	1	1	0	0	0	0	0	0	0	0	1	0	0	1	1
85	0	0	0	0	0	0	0	0	0	0	0	0	0	0	0	0	0	0	0	0	0	0	0	0	0	0
86	1	0	0	0	0	0	0	1	0	1	1	1	0	1	0	1	0	1	0	0	1	1	0	1	0	0
87	0	0	0	0	0	0	0	0	0	0	0	0	0	0	0	0	0	0	0	0	0	0	0	0	0	0
88	0	NA	0	0	0	0	0	0	0	0	0	0	0	0	0	0	0	0	0	0	1	0	0	0	0	0
89	0	0	0	0	0	0	0	0	0	0	0	0	0	0	0	0	0	0	0	0	0	0	0	0	1	0
90	0	1	0	1	1	0	0	0	0	0	0	0	1	1	1	0	0	1	1	1	0	0	0	1	0	0
91	0	0	0	0	0	1	0	1	0	0	0	0	1	0	1	0	0	1	0	0	1	0	1	0	0	0
92	0	1	0	1	1	1	0	1	0	0	0	0	0	1	0	0	0	0	0	0	1	0	0	1	1	1
93	0	0	0	1	0	0	0	0	0	0	0	0	0	1	0	1	0	0	0	0	0	1	1	1	1	0
94	0	0	1	0	1	1	1	1	1	1	1	1	1	1	0	0	1	0	1	1	1	1	0	1	1	0
95	0	0	0	0	0	0	0	0	0	0	0	0	0	0	0	0	0	0	0	0	0	0	0	0	0	0
96	0	0	0	0	0	0	0	0	0	0	0	0	0	0	0	0	0	0	0	0	0	0	0	0	0	0
97	0	0	0	0	0	0	0	0	0	0	0	0	0	0	0	0	0	0	0	0	1	1	0	1	0	0
98	0	1	0	1	0	0	0	0	1	1	0	1	0	1	0	1	0	1	1	1	0	1	1	0	0	0
99	1	0	0	1	0	0	0	0	1	0	1	0	0	0	0	1	0	1	0	1	1	0	1	0	1	1
100	0	0	0	1	0	0	0	1	0	1	1	1	1	0	0	0	0	0	1	0	0	0	1	1	0	1
101	0	0	0	1	0	0	0	1	1	1	1	1	1	0	0	1	0	1	0	0	0	1	1	0	0	0
102	0	0	1	0	0	0	1	0	0	1	1	0	0	1	1	0	0	0	0	0	0	0	0	0	0	0
103	1	0	1	0	1	1	0	1	0	1	1	0	1	1	0	1	1	1	1	0	1	0	1	1	1	0
104	0	0	0	0	0	0	0	0	0	0	0	0	0	0	0	0	0	0	0	0	0	0	0	0	0	0
105	0	0	0	1	0	0	0	0	0	0	0	0	0	1	0	1	0	0	1	1	0	0	0	1	0	0
106	1	0	0	1	0	0	0	0	1	0	1	0	NA	0	0	0	0	1	1	0	0	0	0	0	0	1
107	0	0	0	0	0	0	0	0	0	0	0	0	0	0	0	0	0	0	0	0	0	1	0	0	0	0
108	1	0	0	0	0	1	0	1	0	1	0	1	1	0	0	0	0	0	0	0	1	0	0	0	1	0
109	0	0	0	1	0	0	0	0	0	0	0	0	0	0	0	1	0	0	1	0	0	1	1	1	1	1
110	0	0	0	0	0	0	0	1	1	1	1	1	1	1	0	1	0	1	0	1	0	1	0	1	1	0
111	0	0	1	1	0	0	0	0	0	1	0	0	0	1	0	1	1	1	1	0	0	1	0	1	1	0
112	1	0	0	0	0	1	0	1	0	0	0	1	1	0	0	0	0	0	0	0	1	1	0	1	1	0
113	0	1	1	1	1	0	0	1	1	0	1	0	0	0	0	1	0	0	0	1	0	0	1	1	0	1
115	0	0	0	0	0	0	0	0	0	0	0	0	0	0	0	0	0	0	0	0	0	0	0	0	0	0
116	1	0	0	1	0	0	0	1	0	0	1	1	0	1	0	1	0	1	1	1	1	0	1	1	0	0
117	1	0	1	0	0	1	1	1	0	0	0	0	1	0	1	0	1	0	0	1	1	1	1	0	1	1
118	0	0	0	0	0	0	0	0	0	0	0	0	0	0	0	0	0	0	0	0	0	0	0	0	0	0
119	0	0	0	0	0	0	0	1	1	1	1	1	1	1	0	1	0	1	1	1	0	1	0	0	1	0
120	0	0	0	0	0	0	0	0	0	0	0	0	0	0	0	0	0	0	0	0	0	0	0	0	0	0
121	0	1	1	0	0	1	1	1	0	1	0	1	0	0	0	1	1	1	0	0	0	0	0	0	0	0
122	0	0	0	1	0	1	0	0	0	0	0	0	0	0	0	1	1	1	0	0	0	1	0	1	1	0
123	1	0	0	0	0	0	1	1	1	1	0	1	0	0	0	1	1	0	0	0	1	1	0	0	0	0
124	0	0	0	0	0	1	0	0	0	0	0	0	0	0	0	0	1	0	0	0	0	1	0	0	0	1
125	1	0	0	1	0	0	0	0	1	0	0	0	1	0	0	1	0	1	0	0	0	0	0	1	1	0
126	NA	0	0	0	0	0	0	0	0	0	0	0	1	0	0	0	0	0	0	0	0	0	0	0	0	0
127	0	0	0	0	0	0	0	0	0	0	0	0	0	0	0	0	0	0	0	0	0	0	0	0	1	0
128	0	0	0	0	0	0	0	0	0	0	0	0	0	0	0	0	0	0	0	0	0	0	0	0	0	0
129	1	0	0	0	0	0	0	0	0	0	0	0	1	0	0	0	0	0	0	0	0	0	0	0	0	0
130	0	0	0	0	0	0	0	1	0	1	1	1	1	0	0	0	0	0	0	0	1	0	0	0	0	0
131	0	0	0	1	0	0	0	0	1	0	0	0	0	0	0	1	0	1	0	0	0	1	0	0	1	1
132	0	0	0	1	0	1	1	0	0	0	0	0	0	0	0	1	0	1	1	0	1	0	1	1	1	0
133	0	0	1	1	0	1	0	1	1	1	1	0	0	0	1	0	0	1	0	1	0	0	1	1	1	0
134	0	0	0	0	0	0	0	0	0	0	0	0	0	0	0	0	0	0	1	0	0	1	1	1	1	1
135	0	0	0	0	0	1	0	1	0	1	1	0	1	1	1	0	0	1	0	0	0	1	0	0	1	1
136	1	1	1	0	0	0	1	1	1	0	1	0	0	1	0	1	0	0	1	0	1	0	0	1	1	1
137	1	0	1	1	0	0	0	0	1	0	1	0	1	1	0	1	0	1	1	1	1	0	0	1	1	1
138	1	1	1	1	0	1	0	0	1	0	1	0	1	1	0	0	0	1	1	1	1	1	0	1	0	1
139	0	0	0	0	0	0	0	0	0	0	0	0	0	0	0	0	0	0	0	0	0	0	0	0	0	0
140	1	0	0	1	0	1	0	0	1	1	0	0	0	1	1	0	1	1	1	1	0	1	1	1	0	1
141	0	0	0	1	0	0	0	0	1	0	0	0	0	0	0	0	0	1	0	1	0	0	1	0	0	0
142	0	0	0	0	0	0	0	0	0	0	0	0	0	0	0	0	0	0	0	0	0	0	0	0	0	0
143	1	0	0	0	0	0	0	0	0	0	1	1	1	0	0	0	0	0	0	0	0	1	0	1	1	0
144	1	1	1	1	1	0	0	0	1	1	0	0	0	0	1	1	0	1	1	0	0	0	0	0	0	1
145	0	0	0	1	0	0	0	0	1	0	0	0	0	0	0	0	0	1	0	1	0	1	0	0	0	1
146	1	1	1	0	1	0	0	1	1	0	1	1	1	0	1	1	0	0	1	0	1	0	1	1	0	0
147	0	1	1	0	1	1	0	1	1	0	0	0	0	0	1	1	0	0	1	0	0	0	1	1	0	0
148	1	0	1	0	0	1	0	1	1	0	1	1	1	1	1	0	0	1	1	1	0	0	0	0	1	1
149	1	0	1	0	0	0	0	1	1	0	1	1	1	1	1	0	0	1	1	0	0	1	1	1	1	1
150	0	0	0	0	0	0	0	0	0	0	0	0	0	0	0	0	0	0	0	1	0	0	0	1	0	0
151	0	0	0	0	0	NA	0	0	0	0	0	0	0	0	0	0	0	0	0	0	0	0	0	0	0	0
152	1	0	0	0	0	0	0	1	1	0	0	0	1	1	0	1	0	1	0	0	0	1	0	1	0	0
153	1	0	0	0	0	0	0	0	0	1	1	1	0	0	0	0	0	0	0	0	0	0	0	0	0	0
154	0	0	0	0	0	0	0	0	0	0	0	0	0	0	0	0	0	0	0	0	0	0	0	0	0	0
155	0	0	0	0	0	1	0	1	1	1	1	1	1	1	0	0	1	1	0	0	0	0	0	0	0	0
156	0	0	1	0	0	0	0	0	1	1	1	1	1	0	0	0	1	1	0	0	0	0	0	0	0	0
157	0	0	0	0	0	0	0	1	0	1	1	1	1	0	1	0	0	0	0	1	1	1	0	0	0	1
158	0	1	0	0	1	1	0	1	0	1	1	0	0	1	1	1	1	1	1	0	1	0	0	1	0	1
159	1	1	0	0	0	1	0	0	0	1	1	1	0	1	0	1	1	1	1	1	1	1	1	1	1	1
160	1	0	0	0	0	1	0	0	0	0	1	1	1	0	0	1	0	0	1	1	0	1	0	1	0	1
161	1	0	0	1	0	1	0	0	0	0	1	1	1	1	0	0	1	1	1	1	0	0	1	1	0	0
162	1	0	0	0	0	0	0	1	1	1	0	0	0	1	0	1	0	1	1	0	0	1	0	0	1	1
163	1	0	0	1	0	0	0	0	0	0	1	1	1	1	0	0	0	1	1	1	0	0	1	1	1	0
164	0	0	0	0	0	0	0	0	0	0	0	0	0	0	0	0	0	0	0	1	0	0	1	0	1	0
165	0	0	0	1	0	0	0	0	1	0	0	0	0	0	0	1	0	1	0	0	0	0	0	0	0	0
166	0	0	0	1	0	1	0	1	1	1	1	1	1	0	1	1	1	1	0	1	0	1	1	1	0	0
167	0	0	0	0	0	0	0	0	0	0	0	0	0	0	0	0	0	0	0	0	0	0	0	0	0	0
168	1	0	1	0	1	0	0	0	1	1	1	1	0	1	0	0	0	1	0	1	0	0	0	1	0	0
169	0	0	0	0	0	0	0	0	0	0	0	0	0	0	0	0	0	0	0	0	0	0	0	0	0	0
170	0	0	0	0	0	0	0	0	0	0	0	0	0	0	0	0	0	0	0	0	0	0	0	1	0	0
171	0	0	0	0	0	1	0	1	1	1	1	1	1	1	1	0	0	1	1	0	0	1	0	0	1	1
172	0	0	0	0	0	1	0	0	0	0	0	0	0	0	0	1	0	0	0	0	0	0	0	0	0	0
173	0	0	0	0	0	0	0	0	0	0	0	0	0	0	0	0	0	0	0	1	0	0	0	0	1	0
174	1	0	0	0	0	0	0	1	0	0	0	1	0	0	0	0	0	0	0	1	0	1	1	0	1	1
175	1	0	0	1	0	1	0	0	1	1	1	0	1	1	0	0	0	1	0	1	1	0	1	0	1	1
176	0	0	1	0	1	1	1	1	0	1	0	1	0	0	0	0	0	1	1	0	0	1	1	1	1	1
177	1	0	0	1	0	0	0	1	1	1	0	0	0	1	0	0	0	0	1	1	0	1	0	1	0	0
178	NA	0	0	0	0	0	0	1	0	1	0	0	0	0	0	0	0	0	0	0	1	0	0	0	0	0
179	0	0	0	0	0	0	0	0	0	0	0	0	0	0	0	0	0	0	0	0	0	0	0	0	0	0
180	0	0	0	0	0	0	0	0	0	0	0	0	0	0	0	0	0	0	0	0	0	0	0	0	0	0
181	0	1	1	0	0	1	0	0	1	0	0	1	0	0	0	1	0	0	0	0	0	0	0	0	0	0
182	0	1	0	0	1	0	0	0	0	1	1	0	1	1	1	0	0	1	0	0	0	0	0	0	1	0
183	1	0	0	0	0	1	0	1	0	1	1	0	0	0	0	0	1	0	1	1	0	0	0	0	0	0
184	1	0	0	0	0	0	0	0	1	0	0	1	1	1	0	1	0	1	0	1	1	1	1	1	1	1
185	0	1	0	0	1	0	0	1	0	0	0	0	0	0	1	0	1	0	0	0	0	0	0	0	0	0
186	0	0	0	0	0	0	0	0	1	0	0	0	0	1	0	1	0	1	1	1	1	1	0	0	1	0
187	0	0	0	0	0	0	0	0	0	0	0	0	0	0	0	0	0	0	0	0	0	0	0	0	0	0
188	0	0	0	0	0	0	0	0	0	0	0	0	0	0	0	0	0	0	0	1	0	0	1	0	0	0
189	0	0	0	0	0	0	0	0	0	0	0	0	0	0	0	0	0	0	0	1	0	0	0	0	0	0
190	0	0	0	1	0	1	0	1	1	1	1	1	1	0	0	0	0	0	0	1	1	1	1	1	1	0
191	0	0	0	1	0	1	1	1	0	1	1	1	1	1	0	1	0	0	1	1	1	1	1	0	1	1
192	1	0	0	0	0	1	0	0	0	1	0	1	0	0	0	0	0	0	0	1	1	1	1	1	1	0
193	NA	0	0	0	0	0	0	0	0	0	0	0	0	0	0	0	0	0	0	0	0	0	0	0	0	0
194	0	1	1	0	0	1	1	0	0	0	1	0	0	0	0	0	1	0	1	0	0	0	0	1	0	0
195	1	0	0	1	1	1	1	0	0	0	1	0	1	1	0	1	1	1	0	0	0	0	1	1	0	0
196	0	NA	NA	1	0	0	0	1	0	1	1	1	1	0	1	0	0	1	1	1	1	1	0	0	0	0
197	0	0	0	0	0	0	0	0	0	0	0	0	0	0	0	0	0	0	0	0	0	0	0	0	0	0
198	1	0	0	0	0	0	0	0	0	0	0	0	1	0	0	0	0	0	0	0	0	0	0	0	0	0
199	0	0	0	0	0	0	0	0	0	0	0	0	0	0	0	0	0	0	0	0	0	0	0	0	0	0
200	0	0	0	0	0	0	0	1	1	1	1	1	1	1	0	1	0	1	1	1	1	0	1	0	1	0
201	0	0	0	0	0	0	0	1	1	1	1	1	1	1	0	1	0	1	1	1	1	1	0	1	1	0
202	0	0	0	1	0	1	0	1	0	1	0	1	NA	0	0	0	0	0	0	0	1	1	0	1	1	1
203	0	0	0	0	0	0	0	0	0	0	0	0	0	0	0	0	0	0	0	0	0	0	0	0	0	0
204	1	0	0	1	0	1	0	0	1	0	1	0	1	1	0	1	0	1	1	0	0	1	0	0	0	1
205	0	0	0	0	0	0	0	0	0	0	0	0	0	0	0	0	0	0	0	1	0	0	0	1	0	0
206	1	0	0	0	0	1	0	0	0	0	1	0	1	0	0	1	0	0	0	0	0	0	1	0	1	0
207	0	0	0	0	0	0	0	0	0	0	0	0	0	0	0	0	0	0	0	0	0	0	0	0	0	0
208	0	0	0	0	0	1	0	1	1	1	1	1	1	1	0	0	0	1	1	0	1	0	0	1	0	0
209	1	0	0	0	0	NA	0	1	1	1	1	0	1	1	0	0	0	1	1	1	1	1	0	1	1	0
211	0	0	1	0	1	0	0	0	0	1	1	0	1	0	0	0	1	0	0	0	0	0	0	0	0	0
212	0	0	1	0	0	0	1	0	1	0	0	0	0	0	0	0	0	0	1	0	1	0	0	1	0	0
213	0	0	0	0	0	0	0	1	0	1	1	1	1	0	0	0	0	0	0	1	1	0	0	1	1	0
214	1	0	1	0	0	0	0	1	1	1	1	0	0	1	0	1	0	1	0	1	1	1	1	0	0	0
215	1	0	1	1	1	0	1	1	0	1	0	0	1	1	1	1	1	1	0	0	0	0	0	0	0	0
216	0	0	1	0	0	1	0	1	1	1	0	1	1	1	0	0	0	1	0	0	1	0	0	0	0	0
217	0	0	0	0	1	1	1	0	0	0	1	0	0	1	1	0	1	0	1	0	1	1	0	0	0	1
218	1	0	0	0	0	1	0	0	1	0	0	1	1	1	0	1	0	1	1	0	0	1	0	1	0	1
219	0	1	1	0	1	1	1	0	0	0	1	1	1	0	0	1	1	0	1	0	0	1	0	0	1	1
220	0	0	0	0	0	0	0	0	0	0	0	0	0	0	0	0	0	0	0	0	0	0	0	0	0	0
221	0	0	0	0	0	0	0	0	0	0	0	0	0	0	0	0	0	0	0	0	0	0	0	0	0	0
222	1	0	0	0	0	0	0	0	1	1	0	0	1	1	1	0	1	1	0	0	0	1	0	0	1	1
223	0	1	0	0	0	0	0	0	0	0	0	0	0	0	0	0	0	0	0	0	0	0	0	0	0	0
224	0	1	1	0	1	0	1	1	0	1	0	0	1	1	1	0	1	0	1	0	0	0	0	0	0	1
225	1	1	0	1	0	1	0	1	0	0	1	0	0	1	0	0	0	0	0	0	0	1	0	1	0	1
226	0	0	0	0	0	0	0	1	0	1	1	1	1	0	NA	0	0	0	0	0	1	0	0	0	0	0
227	0	0	0	0	0	0	0	1	1	0	1	1	1	0	1	0	0	0	0	0	1	1	0	0	0	0
228	0	0	0	0	0	0	0	0	0	0	0	0	0	0	0	0	0	0	0	0	0	0	0	0	0	0
229	1	0	0	0	0	0	0	0	0	0	0	0	0	0	0	0	0	0	0	0	0	0	0	1	0	0
230	1	1	1	1	1	0	0	1	1	0	1	1	1	0	1	0	0	0	1	0	0	0	0	1	0	0
231	NA	1	NA	1	NA	NA	0	1	0	0	0	0	0	1	1	0	0	0	0	1	0	0	0	0	0	0
232	0	1	1	0	1	0	0	0	0	1	0	0	0	0	0	0	1	0	0	0	0	0	0	0	0	0
233	1	0	0	0	0	0	0	1	0	1	1	0	1	0	1	0	0	0	0	1	1	1	1	1	0	1
234	0	0	1	0	0	NA	0	0	0	0	0	0	0	1	0	0	0	0	0	0	0	0	0	0	0	0
235	0	1	0	1	1	0	0	1	0	1	0	1	1	0	1	1	1	0	0	0	1	0	0	0	0	0
236	1	0	0	0	0	0	0	1	1	0	1	1	0	1	0	1	0	1	0	1	1	1	0	1	1	0
237	1	0	0	1	0	1	0	1	0	0	1	1	1	1	0	1	0	0	0	1	0	0	1	0	1	1
238	0	1	1	0	0	1	1	0	0	0	0	0	1	0	1	1	1	0	0	0	0	0	1	1	0	1
239	0	1	1	0	0	0	1	1	1	1	1	1	0	1	0	1	1	1	1	0	1	0	0	0	1	1
240	0	0	0	0	0	0	0	0	0	0	0	0	0	0	0	0	0	0	0	0	0	0	0	0	0	0
241	0	0	0	0	0	0	0	0	0	0	0	0	0	0	0	0	0	0	0	0	0	0	0	0	0	0
242	NA	NA	0	1	NA	1	NA	0	1	0	0	0	0	1	0	0	0	0	0	0	0	1	0	0	1	0
243	0	0	0	1	0	0	0	1	1	1	1	1	NA	1	0	1	0	1	0	0	0	0	1	0	0	1
244	1	0	0	1	0	NA	0	1	1	0	1	0	1	0	0	0	1	0	1	1	0	1	0	1	1	0
245	1	0	0	1	0	1	0	1	1	0	1	0	1	0	0	0	1	0	1	0	1	1	1	0	1	0
246	1	0	1	1	0	1	1	0	0	1	0	1	1	1	0	1	1	1	1	1	0	1	1	1	0	0
247	0	0	1	0	0	1	1	0	0	0	1	0	1	0	0	0	0	0	1	0	0	1	1	0	1	0
248	0	0	0	0	0	0	0	0	0	0	0	0	0	0	0	0	0	0	0	0	0	0	0	0	0	0
249	1	0	0	0	0	1	0	1	0	1	0	0	1	1	1	0	0	0	0	1	1	0	0	0	1	0
250	1	1	0	0	1	1	0	1	0	1	1	1	0	0	1	1	1	0	1	0	1	0	0	1	1	0
251	1	0	0	0	0	0	0	1	0	0	0	0	1	0	0	0	0	0	1	0	0	0	1	1	0	1
252	0	1	1	0	0	1	0	0	1	1	1	1	1	0	0	0	0	1	0	0	1	0	0	0	1	0
253	0	0	0	0	0	0	0	0	0	1	1	0	0	1	0	0	0	0	1	0	1	1	1	0	0	0
254	0	0	0	0	0	0	0	0	0	1	1	0	0	1	0	0	0	0	1	0	1	1	0	0	0	0
255	1	0	0	0	1	1	0	0	1	0	0	0	0	0	0	0	0	1	1	1	0	1	0	0	1	1
256	1	1	0	1	0	0	0	1	0	1	0	1	0	0	0	1	0	0	1	0	0	0	1	0	1	0
257	0	0	0	0	0	0	0	0	1	1	0	0	0	0	1	1	0	1	1	1	1	0	0	0	1	1
258	1	0	0	1	0	0	0	0	0	0	0	0	0	0	0	0	0	1	0	1	0	1	0	0	0	0
259	0	0	0	0	0	0	0	0	0	0	0	0	0	0	0	0	0	0	0	0	0	0	0	0	0	0
260	1	0	0	0	0	0	0	1	0	1	1	1	1	0	0	0	0	0	0	0	1	0	0	0	0	0
261	0	0	0	0	0	0	0	0	0	0	0	0	0	0	0	0	0	0	0	0	0	0	0	0	0	0
262	1	1	0	0	1	0	0	0	0	0	1	1	0	0	0	1	1	0	1	0	0	1	0	1	0	0
263	0	0	0	0	0	0	0	0	0	0	0	0	0	0	0	0	0	0	0	0	0	0	0	0	0	0
264	0	0	0	0	0	0	0	0	0	0	0	0	0	0	0	0	0	0	0	0	0	0	0	0	0	0
265	0	0	0	0	0	0	0	0	0	0	0	0	0	0	0	0	0	0	0	1	0	0	0	1	0	0
266	0	0	0	0	0	1	0	1	1	1	1	1	1	1	0	0	1	1	0	0	1	1	0	0	1	1
267	0	0	0	0	0	NA	0	0	0	0	0	0	0	0	0	NA	NA	0	0	0	0	NA	0	NA	0	0
268	0	0	0	0	0	0	0	0	0	0	0	0	0	0	0	0	0	0	0	0	0	0	0	0	0	0
269	1	0	0	0	0	0	0	0	0	1	1	1	1	0	0	0	0	0	0	0	1	1	0	0	1	1
270	1	0	0	0	0	0	0	0	0	1	0	1	0	0	0	0	0	0	0	0	1	1	0	0	1	1
271	0	1	1	0	1	0	1	1	0	0	1	1	1	0	0	0	0	1	0	0	1	0	0	0	0	0
272	1	0	0	0	0	0	0	0	1	1	0	1	0	1	1	1	0	1	1	1	0	0	1	1	0	0
273	0	1	0	0	1	1	0	0	1	0	1	1	1	0	1	0	0	0	0	0	0	0	0	0	0	0
274	1	0	0	0	0	1	0	1	1	0	1	1	1	0	0	0	1	0	1	0	0	1	1	1	1	0
275	0	0	0	0	0	0	0	0	0	0	0	0	0	0	0	0	0	0	0	1	0	0	0	0	0	0
276	0	1	0	0	1	1	0	0	1	1	0	1	1	0	0	0	0	1	0	1	1	1	1	0	1	1
277	0	0	0	1	0	0	0	1	0	1	1	1	1	0	0	0	0	0	1	1	1	1	1	1	0	0
278	0	0	0	0	0	0	0	0	0	0	0	0	0	0	0	0	0	0	0	0	0	0	0	0	0	0
279	0	0	0	0	0	1	0	1	1	1	0	1	1	1	0	0	1	1	0	1	0	0	0	0	0	0
280	0	0	0	0	0	0	0	0	0	0	0	0	0	0	0	0	0	0	0	0	0	0	0	0	0	0
281	1	0	1	0	1	1	0	0	1	1	0	1	0	1	0	0	1	1	1	0	0	1	0	0	1	1
282	0	0	0	1	0	0	0	0	0	0	0	0	0	1	0	0	0	0	1	0	0	0	1	1	0	0
283	1	1	1	1	1	1	1	0	0	NA	0	NA	NA	0	NA	0	0	0	0	0	0	0	0	0	0	0
284	0	0	0	0	0	1	0	1	1	1	1	1	1	1	0	0	1	1	0	0	1	1	0	0	0	1
285	0	0	0	NA	0	1	0	0	0	0	0	0	0	0	0	1	0	0	0	0	0	1	0	0	0	0
286	0	0	0	1	0	1	0	1	1	1	1	1	NA	0	0	0	0	1	1	0	0	0	1	0	0	0
287	NA	0	NA	1	0	0	NA	0	0	0	0	0	0	1	0	1	0	0	0	1	0	1	0	0	0	0
288	0	1	1	0	0	1	1	0	1	1	1	1	0	1	1	0	0	0	0	0	0	0	0	0	0	0
289	0	0	0	0	0	0	0	0	1	0	0	0	0	0	0	0	0	0	0	1	0	0	0	1	1	1
290	0	NA	0	0	1	1	1	1	0	1	1	0	1	1	0	0	0	1	0	0	0	0	0	0	1	0
291	0	0	0	0	0	0	0	1	0	1	1	1	1	0	1	0	0	0	0	0	1	1	1	0	0	1
292	0	0	0	NA	0	0	0	0	1	0	0	0	0	1	0	1	0	1	1	1	0	1	0	0	0	1
293	1	0	0	0	0	0	0	1	0	1	0	0	1	0	1	0	0	0	0	0	1	0	0	0	0	0
294	0	0	0	0	0	0	0	0	0	0	0	0	0	0	0	0	0	0	0	0	0	0	1	0	0	0
295	0	0	0	0	0	0	1	0	0	0	1	1	0	0	0	0	0	0	1	0	0	0	1	1	0	0
296	0	0	0	0	0	1	0	1	1	1	0	0	1	1	1	0	0	1	0	0	0	1	0	0	0	1
297	0	0	0	0	0	0	0	0	0	0	0	0	0	0	0	0	0	0	0	0	0	0	0	0	0	0
298	0	0	NA	0	NA	0	0	0	1	0	0	0	0	1	0	1	0	1	1	1	0	0	0	0	0	1
299	0	1	0	0	0	0	0	0	0	0	1	0	0	1	0	0	0	0	0	0	0	0	0	0	0	0
300	0	0	0	0	0	0	0	0	0	0	0	0	0	0	0	0	0	0	0	0	0	0	0	0	0	0
301	0	1	1	1	1	0	1	0	0	1	0	0	0	1	0	0	0	0	1	0	0	0	1	1	0	1
302	1	0	0	1	0	0	0	0	0	0	1	0	0	1	0	0	0	1	0	0	0	1	0	0	1	1
303	0	1	1	0	1	0	0	0	0	1	0	0	0	0	0	0	0	0	0	0	0	0	1	0	0	0
304	1	1	1	1	1	0	1	0	0	1	1	0	0	1	0	0	0	1	0	0	0	1	1	0	1	0
305	0	0	0	0	0	NA	0	0	0	0	0	0	0	0	0	0	0	0	0	0	0	0	0	0	0	0
306	0	0	0	0	0	0	0	0	0	0	0	0	0	0	0	0	0	0	0	0	0	0	0	0	0	0
307	0	0	0	0	0	0	0	0	0	0	0	0	0	0	0	0	0	0	0	0	0	0	0	0	0	0
308	0	0	0	0	0	0	0	0	0	0	0	0	0	0	0	0	0	0	0	1	0	0	0	0	1	0
309	0	0	0	0	0	1	0	0	1	0	0	0	0	1	0	0	0	1	1	1	0	0	0	1	0	1
310	0	0	0	0	0	0	0	0	0	0	0	0	0	0	0	0	0	0	0	0	0	0	0	0	0	0
311	0	0	0	1	0	0	0	0	1	0	0	0	0	0	0	0	0	1	0	1	0	0	0	0	0	0
312	0	0	0	1	0	0	0	0	1	0	0	0	0	0	0	0	0	1	0	1	0	0	1	0	0	0
313	NA	NA	1	1	NA	1	1	1	1	1	0	1	1	0	1	0	1	0	1	0	1	1	1	1	1	1
314	0	0	1	0	0	0	0	0	0	0	1	0	0	0	0	0	0	0	1	0	0	0	0	1	0	0
315	1	0	0	0	0	1	0	1	0	1	1	1	1	0	1	0	1	0	0	0	0	0	0	0	0	0
316	0	0	1	0	0	0	0	0	1	0	1	0	0	1	0	1	0	1	0	1	0	1	0	1	0	1
317	0	0	NA	0	0	1	0	1	1	1	0	1	1	1	1	1	0	1	0	0	0	0	0	0	1	1
318	0	0	0	1	0	1	1	1	1	0	0	0	0	1	1	1	0	1	1	0	0	0	0	1	1	1
319	0	0	0	0	0	0	0	0	0	0	0	0	0	0	0	0	0	0	0	0	0	0	0	0	0	0
320	0	0	0	0	0	0	0	0	0	0	0	0	0	0	0	0	0	0	0	1	0	0	0	0	0	0
321	1	0	0	0	0	0	0	0	0	1	1	0	0	0	1	0	0	0	0	0	0	1	0	0	1	1
322	0	0	0	1	0	1	0	0	1	0	0	0	0	1	0	1	0	1	0	1	0	0	1	1	0	1
323	0	0	0	0	0	0	0	0	0	0	0	0	0	0	0	0	0	0	0	0	0	0	0	0	0	0
324	0	0	0	0	0	1	0	0	0	0	0	0	0	0	0	1	0	0	0	0	0	0	0	0	0	0
325	1	0	0	0	0	0	0	0	0	1	1	0	1	0	1	0	0	0	1	0	0	0	0	1	1	1
326	0	0	0	0	0	NA	0	0	1	0	0	0	0	1	0	1	0	1	1	1	0	0	1	1	0	0
327	0	0	0	0	0	0	0	1	1	1	1	1	1	1	1	1	0	1	0	0	0	1	0	0	1	1
328	0	0	0	0	0	0	0	0	0	0	0	0	0	0	0	0	0	0	1	0	0	0	0	0	0	1
329	0	0	0	0	0	0	0	0	0	0	0	0	0	0	0	0	0	0	0	0	0	0	0	0	0	0
330	0	0	0	0	0	0	0	0	1	0	0	0	0	0	0	1	0	1	1	1	0	0	1	0	1	0
331	0	0	0	0	0	0	0	0	1	0	0	0	0	1	0	1	0	1	0	0	0	1	0	0	1	1
332	0	1	0	0	1	1	0	0	0	0	0	0	0	0	0	1	1	0	0	0	0	0	0	1	0	0
333	1	0	0	0	1	0	0	0	1	0	0	1	1	1	0	0	1	1	0	0	0	1	0	0	0	1
334	0	0	0	0	1	1	0	1	0	0	0	0	1	0	0	1	1	0	0	0	0	0	0	1	0	0
335	0	0	0	0	1	1	0	1	0	0	0	0	1	0	0	1	1	0	0	1	0	0	0	0	0	0
336	0	1	0	0	1	1	0	1	0	0	1	1	0	0	0	1	0	0	0	0	0	1	0	0	1	0
337	0	0	0	0	0	1	0	0	0	0	0	0	0	0	0	0	1	0	0	0	0	0	1	1	1	0
338	1	NA	0	1	0	0	0	0	0	0	1	0	1	1	0	1	0	1	0	1	0	0	0	1	1	0
339	1	0	0	1	0	0	0	0	0	0	1	0	1	0	0	1	0	1	0	0	0	1	0	0	1	0
340	0	0	0	0	1	1	1	0	0	0	0	0	1	0	1	0	1	1	0	0	1	1	0	1	1	1
341	1	0	0	1	0	1	0	0	1	0	1	1	0	1	0	0	1	1	1	0	0	1	1	1	1	1
342	0	0	0	0	0	1	0	0	0	0	0	0	0	0	0	0	1	0	0	1	0	0	0	1	0	0
343	0	0	0	0	0	0	0	0	0	0	0	0	0	0	0	0	0	0	1	0	0	0	0	1	0	0
344	1	1	0	1	0	1	1	1	1	1	1	1	0	1	0	0	1	1	0	0	0	0	0	0	0	1
345	0	0	0	1	0	0	1	1	1	1	1	0	1	1	1	0	0	0	1	1	1	0	0	0	1	0
346	0	0	NA	0	0	1	NA	1	1	1	1	1	1	1	1	1	0	1	0	0	1	0	0	0	0	0
347	0	0	0	0	0	0	0	0	0	0	0	0	0	0	0	0	0	0	0	0	0	0	0	0	0	0
348	NA	NA	NA	1	NA	1	0	1	1	1	1	1	1	0	1	0	0	0	0	0	0	0	0	0	1	0
349	0	0	0	0	1	0	0	1	0	0	0	0	0	0	1	0	1	0	0	0	0	0	0	0	0	0
350	0	0	0	0	0	0	0	0	0	0	0	0	0	0	0	0	0	0	0	0	0	0	0	0	0	0
351	1	0	0	1	0	0	0	1	0	1	1	0	1	0	0	0	0	0	0	1	1	0	0	0	0	0
352	0	1	0	0	1	0	0	1	0	0	0	0	1	0	1	0	1	0	0	0	0	0	0	0	0	0
353	0	1	0	0	1	0	0	1	0	1	0	0	1	1	0	0	1	0	0	0	0	0	0	0	0	0
354	0	0	1	0	1	0	0	0	0	0	0	0	0	0	0	0	0	0	0	0	0	0	0	0	0	0
355	0	0	1	0	0	1	1	1	1	1	1	1	1	1	0	0	0	0	1	0	0	1	0	1	1	0
356	0	0	0	0	0	1	0	1	1	1	1	1	1	1	0	0	0	1	1	0	0	0	0	1	0	1
357	0	0	0	0	0	0	0	1	1	1	1	1	1	1	0	1	0	1	1	1	0	0	0	0	0	1
358	1	0	1	0	0	0	1	0	0	0	0	1	0	0	0	0	0	1	0	1	1	0	1	0	1	1
359	0	0	0	0	0	0	0	0	0	0	0	0	0	0	0	0	0	0	0	0	0	1	0	0	1	1
360	0	0	0	0	0	1	0	1	1	1	1	1	1	1	0	0	0	1	1	1	0	0	0	1	1	1
361	0	0	0	0	0	1	0	1	1	0	1	1	1	0	1	0	0	1	1	0	0	0	0	1	0	1
362	0	0	0	0	0	0	0	0	0	0	0	0	0	0	0	0	0	0	0	0	0	0	0	0	0	0
363	0	NA	0	1	0	0	0	0	1	0	0	0	0	0	0	0	0	1	1	1	0	1	0	1	1	1
364	0	0	0	0	0	1	0	0	0	0	0	0	0	0	0	1	0	0	1	0	1	0	0	0	0	0
365	0	0	0	1	0	0	0	0	1	0	0	0	0	0	0	1	0	0	1	0	0	0	0	0	0	0
366	NA	NA	NA	NA	NA	NA	1	0	1	0	0	0	0	1	0	1	0	1	1	1	0	0	1	1	1	0
367	1	0	0	0	0	1	0	0	1	0	0	1	1	1	0	0	0	1	0	0	1	0	0	0	1	1
368	0	0	0	1	0	0	0	0	1	0	0	0	0	0	0	1	0	1	1	0	0	0	1	1	1	0
369	0	0	0	0	0	0	0	0	0	0	0	0	0	0	0	0	0	0	0	0	0	0	0	0	0	0
370	0	1	1	0	1	1	1	0	0	1	0	0	1	1	1	0	1	1	0	0	1	1	0	0	0	1
371	0	0	0	1	0	1	0	0	1	1	0	0	0	1	1	1	0	1	1	0	1	0	0	1	1	1
372	0	0	1	1	0	1	0	0	0	0	0	0	0	0	0	0	0	1	0	1	0	0	0	0	0	0
373	1	0	0	1	0	1	0	1	1	1	0	0	0	1	1	1	1	1	1	1	0	0	0	1	1	1
374	0	0	0	0	0	0	0	0	0	0	0	0	0	0	0	0	0	0	0	0	0	0	0	0	0	0
375	1	0	0	0	0	0	0	0	0	0	1	1	1	0	0	0	0	0	1	0	0	0	0	0	0	1
376	0	0	0	0	0	0	0	0	0	0	0	0	0	0	0	0	0	0	0	0	0	0	0	0	0	0
377	0	0	0	0	0	0	0	0	0	0	0	0	0	0	0	0	0	0	0	0	0	0	0	0	0	0
378	0	0	0	0	0	0	0	0	0	0	0	0	0	0	0	0	0	0	0	0	0	0	0	0	0	0
379	0	0	0	0	0	0	0	1	1	1	1	1	1	1	1	1	0	1	1	1	0	0	0	1	1	1
380	NA	0	1	0	1	0	0	1	1	0	1	1	0	0	0	0	0	1	1	0	0	0	0	1	0	1
381	0	0	NA	0	0	0	0	0	0	0	0	0	0	0	0	0	0	0	0	0	0	0	0	0	0	0
382	1	0	NA	0	1	1	0	1	0	1	1	0	1	1	1	1	0	0	0	0	0	1	0	0	1	1
383	0	0	0	0	0	0	0	0	1	0	0	0	0	1	0	1	0	1	1	1	1	0	0	0	0	0
384	0	0	0	0	0	0	0	0	0	0	0	0	0	0	0	0	0	0	0	0	0	0	0	0	0	0
385	0	0	1	0	0	0	1	0	1	0	1	1	0	0	0	0	0	0	1	0	0	1	0	1	1	1
386	0	0	0	0	0	0	0	0	0	0	0	0	0	0	0	0	0	0	0	0	0	0	0	0	0	0
387	1	0	0	0	0	1	0	1	0	1	0	1	1	0	0	1	0	0	0	0	1	0	0	1	0	0
388	0	0	0	0	0	0	0	0	0	0	0	0	0	0	0	0	0	0	0	0	0	0	0	0	0	0
389	0	0	0	1	0	1	0	0	1	0	0	0	0	0	0	0	0	0	0	1	1	0	1	0	1	1
390	NA	NA	0	0	NA	NA	0	0	0	NA	0	0	0	1	1	1	0	0	0	0	1	1	0	1	0	0
391	1	1	1	0	0	0	1	1	0	0	0	1	0	0	0	0	0	0	0	1	1	0	0	0	0	0
392	0	0	0	0	0	0	0	0	0	0	0	0	0	0	0	0	0	0	0	0	0	0	0	0	0	0
393	0	0	0	0	0	1	0	0	0	0	0	0	0	0	0	0	1	0	0	1	0	1	0	0	0	1
394	0	0	0	0	0	1	0	1	1	1	1	1	1	1	1	1	1	1	1	1	0	1	0	1	0	1
395	0	0	1	0	1	0	0	1	0	0	1	0	1	0	0	0	0	0	1	1	0	0	0	0	0	0
396	0	0	0	1	0	0	0	1	0	1	1	1	1	1	1	0	0	0	1	1	0	1	0	0	0	0
397	1	0	0	0	0	0	0	1	0	1	1	1	1	0	1	0	0	0	1	1	0	0	0	1	1	0
398	0	0	0	0	0	1	0	0	0	0	0	0	0	0	0	1	1	0	0	0	0	0	0	0	0	0
399	1	0	0	0	0	0	0	0	0	0	1	0	0	0	0	0	0	0	0	0	0	0	0	0	0	0
400	0	0	0	0	0	0	0	0	0	0	0	0	0	0	0	0	0	0	0	0	0	0	0	0	0	0
401	1	0	0	1	0	0	0	0	1	0	1	0	0	1	0	1	0	1	1	1	0	1	0	0	1	1
402	0	1	0	0	1	1	1	1	1	0	0	1	0	1	0	1	0	1	0	1	0	1	1	1	0	0
403	0	0	0	1	0	1	0	0	0	0	0	0	0	1	0	1	1	1	1	0	0	0	0	0	0	0
404	0	0	0	0	0	0	0	1	1	1	1	1	1	1	0	1	0	1	1	0	1	1	0	0	0	1
405	0	0	0	0	0	0	0	0	1	0	0	0	0	1	0	1	0	1	1	1	0	0	1	0	0	0
406	0	0	0	0	0	0	0	1	0	1	1	1	1	0	0	0	0	0	0	1	1	0	0	1	0	0
407	0	1	0	0	1	0	1	0	1	0	1	0	1	1	0	0	0	0	1	0	1	1	0	1	1	1
408	0	0	0	0	0	0	0	0	0	0	0	0	0	0	0	0	0	0	0	0	0	0	0	0	0	0
409	0	0	0	0	0	0	0	0	0	0	0	0	0	0	0	0	0	0	0	0	0	0	0	0	1	0
410	0	0	0	1	0	0	0	0	0	0	0	0	0	1	0	1	0	0	0	1	0	0	0	0	0	0
411	0	0	0	0	0	0	0	0	1	0	0	0	0	1	0	1	0	1	1	1	0	0	0	0	1	1
412	NA	0	0	0	NA	NA	1	1	0	0	1	1	1	0	1	0	0	1	1	0	0	1	0	0	0	1
413	0	1	0	0	0	1	0	0	1	0	0	1	0	0	0	1	1	0	0	0	0	0	0	0	0	0
414	0	NA	0	0	0	1	0	0	0	0	0	0	0	0	0	0	0	0	0	0	0	0	1	0	0	0
