"1" "2" "3" "4" "5" "6" "7" "9" "10" "11" "12" "13" "14" "15" "16" "17" "18" "19" "20" "21" "22" "23" "24" "25" "26" "27" "28" "29" "30" "31" "32" "33" "34" "35" "36" "37" "38" "39" "40" "41" "42" "43" "44" "45" "46" "47" "48" "49" "50" "51" "53" "54" "55" "56" "57" "58" "59" "60" "61" "62" "63" "64" "65" "66" "68" "69" "70" "71" "72" "73" "74" "75" "76" "77" "78" "79" "80" "82" "83" "84" "85" "86" "87" "88" "89" "90" "91" "92" "93" "94" "95" "96" "97" "98" "99" "100" "101" "103" "104" "105" "106" "107" "108" "109" "110" "111" "112" "113" "114" "115" "116" "117" "118" "119" "120" "121" "122" "123" "125" "126" "127" "128" "129" "130" "131" "132" "133" "134" "135" "136" "138" "139" "140" "141" "142" "143" "144" "145" "146" "147" "148" "149" "150" "151" "152" "153" "154" "155" "156" "157" "158" "159" "161" "162" "163" "164" "165" "166" "167" "168" "169" "170" "171" "172" "173" "174" "176" "177" "178" "179" "180" "181" "182" "183" "184" "185" "186" "187" "188" "190" "191" "192" "193" "194" "195" "196" "197" "199" "200" "201" "202" "203" "205" "206" "207" "208" "209" "210" "211" "213"
"X1" 1 1 0 1 1 1 1 0 1 NA 1 1 0 0 1 1 1 0 0 1 1 1 1 1 1 1 1 1 1 0 1 0 0 1 0 0 1 1 1 1 1 0 0 0 1 1 1 0 0 1 0 1 0 1 1 0 1 1 0 0 1 0 1 0 NA 0 1 0 1 1 1 1 1 NA 1 0 1 1 NA 0 1 1 1 1 1 1 0 1 1 1 0 1 1 NA 1 1 1 0 1 1 0 0 1 1 0 1 1 1 0 1 1 1 0 1 0 0 1 1 1 0 0 0 0 1 1 1 0 1 0 1 1 1 0 1 1 0 0 NA 0 1 0 0 1 0 0 1 0 1 0 1 0 1 0 1 0 0 1 NA 1 1 0 1 1 1 0 1 1 0 0 0 1 1 1 0 1 1 1 0 1 0 1 1 1 0 0 1 1 1 1 1 1 1 1 1 1 NA 1 NA 0 0
"X2" 1 1 1 0 0 1 0 0 0 0 0 0 1 1 1 0 1 0 0 0 0 0 0 1 1 1 0 1 1 1 0 0 0 0 1 0 1 0 0 0 0 1 0 0 0 0 1 0 1 0 0 0 0 0 1 1 1 1 0 0 0 0 0 1 0 0 1 1 0 0 0 0 0 0 0 1 NA 0 NA 0 0 0 0 0 1 0 0 0 0 0 0 0 0 0 1 0 1 0 1 0 0 0 0 0 1 0 0 1 1 0 1 1 1 1 1 NA 0 0 0 0 1 0 1 0 0 0 0 1 0 0 0 0 0 1 1 0 1 0 0 0 0 1 0 1 1 0 0 0 1 0 0 1 1 1 0 0 1 NA NA 0 0 0 0 1 0 0 1 1 0 0 0 0 0 0 0 1 1 1 0 1 0 0 1 1 1 0 0 0 0 1 0 1 0 0 0 0 0 NA 0 1
"X3" 1 1 1 1 1 0 0 0 0 0 0 0 0 0 1 0 0 0 0 0 0 0 0 0 0 1 0 1 1 1 0 0 1 1 1 0 1 1 0 1 0 0 1 0 0 0 0 0 1 1 0 0 0 0 1 1 1 1 0 1 1 0 1 1 0 0 0 1 0 1 0 0 0 0 0 0 0 0 1 1 0 0 0 0 0 0 0 0 0 1 1 0 1 0 0 0 1 1 0 0 0 0 0 0 0 0 0 0 0 0 0 0 0 1 0 1 0 0 1 1 1 1 1 0 0 0 0 0 0 0 0 0 0 0 0 0 1 0 0 0 0 0 0 0 0 0 0 1 0 0 1 1 1 1 0 1 1 0 0 1 0 0 0 0 0 0 0 0 0 0 0 0 0 0 0 1 1 1 0 1 0 1 0 0 1 0 1 0 1 1 0 0 0 0 0 1 1 0 0 0
"X4" 1 1 1 0 0 0 1 1 1 0 1 1 1 NA 1 0 1 0 1 0 1 0 1 0 1 1 1 1 1 0 0 0 0 1 1 1 0 1 1 1 1 1 1 0 0 0 1 0 1 1 0 0 0 1 1 1 1 1 1 1 1 NA 1 0 0 0 0 0 0 1 1 0 0 0 0 0 0 0 1 0 1 0 NA 1 0 1 1 0 0 1 0 0 1 0 1 1 1 0 0 0 0 1 1 1 1 0 0 1 1 0 1 0 0 0 1 0 1 1 1 1 1 1 1 1 0 0 0 0 1 0 1 1 1 1 0 1 NA 1 0 1 0 1 1 0 1 0 1 0 0 1 0 1 1 1 0 1 0 1 1 1 0 1 1 0 0 1 1 0 0 1 1 1 1 0 1 1 1 1 1 0 0 1 0 1 1 1 1 1 1 0 0 1 0 1 1 1 0 0 1 0
"X5" 1 0 1 0 0 0 0 0 0 0 0 0 0 0 0 1 1 0 0 0 0 0 0 1 NA 0 0 0 0 1 0 0 0 0 0 1 1 1 1 1 0 1 0 0 0 0 0 0 1 0 0 0 0 0 0 0 0 0 0 1 1 0 0 1 0 0 1 1 0 1 0 0 0 0 0 NA 0 0 1 0 0 0 0 0 0 0 0 0 0 0 0 1 0 0 0 0 1 0 1 0 0 0 NA 0 0 1 1 1 0 0 0 1 0 1 1 1 0 0 1 1 0 1 1 0 0 0 0 1 0 0 0 0 0 1 1 0 0 0 1 1 0 0 0 1 1 1 0 1 0 0 1 1 0 1 0 0 1 1 0 0 0 0 0 0 0 0 1 1 0 0 0 0 0 0 0 1 1 1 0 1 0 0 1 1 1 0 1 1 0 1 0 1 NA 0 1 0 0 1 1 0
"X6" 1 1 1 0 1 1 1 1 1 1 1 1 1 1 1 0 1 1 1 1 1 0 1 NA NA 1 NA 0 1 0 NA 1 1 NA 1 NA NA NA 1 1 1 0 0 1 1 1 1 1 1 1 1 1 1 NA 1 1 0 0 1 0 1 0 1 0 1 1 0 1 1 0 1 1 1 NA 1 1 NA 1 0 0 0 1 1 1 1 1 1 1 0 0 1 1 NA NA 1 1 1 1 0 0 1 1 1 1 0 1 1 1 1 1 NA NA 0 1 1 NA NA 1 1 1 1 1 1 0 1 1 0 1 1 0 1 1 1 1 1 0 NA NA 0 1 NA 1 1 1 1 1 1 NA 1 1 1 1 1 1 0 1 NA NA 1 0 0 1 1 1 1 1 1 1 1 1 1 1 1 1 1 0 1 1 NA 1 1 0 1 0 0 1 1 1 0 1 1 0 0 1 0 0 1 NA 0 0
"X7" 1 0 0 0 0 0 0 1 1 NA 0 0 1 1 1 1 0 0 0 0 1 0 0 1 1 0 0 0 1 0 0 0 1 0 1 1 1 0 0 0 0 0 1 0 1 0 1 0 0 1 0 0 1 0 1 1 1 1 0 0 0 0 0 0 NA 0 0 0 1 0 0 0 0 0 0 0 0 0 0 1 1 1 0 0 1 0 0 0 0 0 0 1 1 0 0 0 0 0 0 0 0 0 0 0 0 1 1 0 0 0 0 1 0 0 1 1 0 0 1 1 1 0 1 0 0 1 0 1 0 0 0 0 0 0 0 0 1 0 1 1 0 1 0 1 1 1 0 1 0 0 0 1 1 1 0 0 1 0 1 0 0 0 0 0 0 0 0 1 0 0 0 0 0 0 0 1 1 1 0 0 0 0 1 1 0 0 0 0 0 1 1 0 0 1 1 NA 0 1 1 1
"X8" 1 1 1 1 1 1 1 1 0 1 1 1 1 1 1 0 1 1 0 0 0 1 1 1 NA 0 1 0 1 1 0 1 1 1 0 1 0 1 1 1 1 1 1 1 1 1 1 1 1 1 1 1 0 0 1 1 0 1 1 1 0 0 0 0 0 0 1 1 0 0 1 1 1 1 1 1 1 1 0 1 1 1 1 1 1 1 1 1 1 1 1 1 1 NA 1 0 1 1 1 1 1 1 1 1 1 1 0 1 1 0 1 1 1 1 0 NA 1 1 1 1 1 1 1 0 1 1 1 1 1 1 1 1 0 1 1 1 0 NA 0 1 NA 1 1 0 1 1 1 0 1 1 1 1 0 1 1 1 1 1 1 1 0 1 1 1 1 0 1 1 0 0 1 1 1 1 1 1 1 0 1 1 1 1 1 0 1 0 1 1 1 1 0 1 0 1 0 0 1 NA 1 1
"X9" 1 1 1 1 1 1 1 1 1 1 1 1 1 1 1 0 1 1 0 1 1 1 1 0 1 1 0 1 0 1 1 1 1 1 1 NA 1 0 1 0 0 1 1 1 1 0 1 1 1 0 1 1 1 1 1 1 1 1 0 1 1 0 0 1 1 0 1 1 1 1 0 1 1 1 1 1 1 1 1 0 1 1 1 0 1 1 1 1 1 0 1 1 1 1 1 0 1 1 1 1 1 NA 1 1 1 0 0 NA 0 0 1 0 1 1 1 1 NA 1 1 1 1 1 1 1 1 1 1 0 0 1 1 1 0 1 1 1 0 0 1 0 1 1 1 0 1 0 NA 1 1 1 NA 1 1 0 0 0 0 1 1 0 0 0 1 1 1 1 1 1 1 0 1 1 1 1 1 NA 1 1 1 1 1 1 1 0 1 NA 1 1 1 1 1 NA 0 1 0 1 1 1 1 1
"X10" 1 1 NA 1 1 1 1 1 0 1 1 1 1 0 0 0 0 1 0 0 1 0 NA NA NA 0 NA 1 1 1 1 1 1 0 1 0 NA 0 0 1 1 1 0 1 1 1 1 1 1 1 1 1 0 0 1 1 0 1 1 0 1 0 1 1 0 NA 1 1 1 1 1 1 1 NA 1 1 NA 1 NA 0 1 0 1 0 0 NA 1 1 NA 1 1 NA 1 NA 1 NA 1 0 NA 1 1 1 1 1 1 NA 1 1 1 1 NA NA NA 1 0 NA NA 1 1 1 1 1 1 1 1 0 NA 1 1 1 1 1 0 1 1 1 1 NA 0 1 NA 1 1 1 1 1 NA 1 1 1 NA 1 1 0 1 1 NA NA 1 1 0 1 1 1 1 1 1 1 0 0 1 1 1 1 0 1 1 1 NA 1 1 1 1 1 0 1 1 1 0 0 1 1 0 1 1 NA 1 1 1 NA
"X11" 1 1 1 0 1 1 1 1 1 1 1 1 1 0 1 1 1 0 0 0 0 1 1 NA 1 0 1 0 1 1 1 1 1 1 1 1 1 1 1 1 1 1 1 1 0 0 1 1 1 1 1 1 0 1 1 1 1 1 1 1 0 0 0 1 0 0 1 0 1 1 1 1 1 0 1 1 1 1 1 1 1 1 1 0 1 1 1 1 1 1 0 0 1 0 1 0 1 1 1 1 1 1 1 1 1 0 1 1 1 1 1 1 1 1 1 1 1 1 1 1 0 1 1 0 1 1 1 1 1 1 1 1 0 0 1 1 1 1 0 1 1 1 0 0 1 1 1 0 1 1 1 1 0 1 1 1 1 1 1 0 0 1 1 1 1 1 1 1 0 0 1 1 1 1 1 1 1 1 1 1 1 1 1 1 1 0 1 1 1 1 1 1 0 1 0 1 1 1 1 1
"X12" 0 1 1 1 1 1 1 1 0 1 1 1 1 1 1 1 0 0 0 0 1 1 1 1 0 0 1 1 0 1 0 1 1 1 1 1 1 0 1 1 1 1 0 1 1 1 1 1 1 1 1 0 0 0 1 1 1 1 1 1 0 0 1 1 0 0 1 1 1 1 1 1 1 0 1 1 NA 1 NA 1 1 0 1 0 1 1 1 1 1 1 1 1 1 NA 1 1 1 1 1 1 1 1 1 1 1 1 1 1 0 1 NA 1 1 1 0 NA 1 1 1 1 1 1 1 1 1 1 1 1 1 1 1 1 0 1 1 1 NA NA 0 1 NA 1 0 0 1 1 1 0 1 1 1 1 1 0 1 1 1 NA NA 0 0 1 1 1 1 0 1 1 0 0 0 1 1 1 0 1 1 1 1 1 1 1 1 1 1 1 1 1 1 1 1 1 1 1 0 1 1 1 1 1
"X13" 0 1 1 1 1 1 1 1 1 1 1 1 1 1 1 1 1 0 0 1 0 0 1 0 1 0 1 0 1 1 1 1 1 1 1 1 1 1 1 0 1 1 0 1 1 0 1 1 1 1 1 1 0 1 0 1 1 1 1 1 0 0 1 1 0 0 0 1 1 1 1 1 1 1 1 1 1 1 1 1 1 1 1 1 1 1 1 1 1 1 1 1 1 1 1 1 1 1 1 1 1 1 1 1 1 1 1 1 1 1 1 1 1 1 0 1 1 1 1 1 0 1 1 0 1 1 1 1 1 1 1 1 0 1 1 1 0 1 0 1 1 1 1 1 1 1 1 1 1 1 1 1 1 1 1 1 1 1 1 0 0 1 1 1 1 1 1 1 0 0 1 1 1 1 1 1 1 1 1 1 1 0 0 1 0 1 1 1 1 1 1 1 0 1 1 1 1 1 1 1
"X14" 1 1 1 1 1 0 1 1 1 1 1 1 1 1 1 0 1 1 0 1 1 1 1 1 1 1 0 1 0 1 1 1 1 1 0 1 1 0 1 0 1 1 1 1 1 0 1 1 1 1 1 1 0 0 1 0 1 0 0 0 1 0 1 1 1 0 0 1 1 1 1 1 1 1 1 1 1 1 1 1 1 1 1 1 1 1 1 1 1 1 1 0 1 1 1 1 1 1 1 1 1 1 1 1 1 0 NA 1 0 1 1 0 0 0 0 1 1 1 1 1 1 1 1 1 1 1 1 1 0 1 1 1 1 0 1 1 0 1 0 1 1 0 1 0 1 1 0 1 1 1 1 1 1 1 0 1 1 1 1 1 0 1 1 1 1 0 1 0 1 0 1 1 1 1 1 1 1 1 1 0 1 1 1 0 0 1 0 1 0 1 1 1 0 1 0 1 0 NA 1 1
"X15" 1 0 0 0 0 0 0 0 0 0 0 NA 1 1 1 1 0 1 0 0 1 0 0 0 0 1 0 0 1 1 1 1 1 NA NA 1 0 1 1 0 0 1 1 0 0 0 1 0 0 1 0 0 0 0 1 1 1 1 1 0 1 0 NA 1 0 0 1 0 1 0 0 0 1 1 1 1 NA 0 1 0 0 0 0 0 0 1 1 0 0 0 0 1 0 1 1 1 1 1 1 1 0 0 0 0 0 0 NA 1 0 0 1 1 1 1 0 0 0 0 1 1 0 1 0 1 1 0 0 1 0 0 1 0 0 0 0 1 1 0 0 0 1 1 1 0 1 1 1 1 1 1 1 1 0 0 1 1 1 1 NA 1 0 1 1 1 1 1 1 1 0 0 1 1 0 1 1 1 1 1 0 1 0 1 0 0 1 1 1 1 0 1 0 1 0 1 1 0 1 NA 0 0
"X16" 1 1 1 0 1 1 0 1 1 0 1 1 1 0 1 0 1 1 0 1 1 1 1 0 1 0 0 1 1 0 1 0 1 0 1 1 1 1 1 1 0 0 1 1 0 0 1 1 1 1 1 1 1 1 1 1 1 1 1 1 1 0 0 0 0 1 0 1 1 1 0 1 1 1 1 1 0 1 1 0 1 1 1 0 1 0 1 1 1 1 0 1 1 0 0 0 0 1 0 1 1 1 1 1 1 1 0 1 1 0 1 1 1 1 0 0 1 1 1 1 1 1 1 1 1 1 1 1 1 0 1 1 1 0 0 0 1 0 0 1 1 1 1 0 1 1 0 1 1 1 1 1 1 0 0 1 1 1 1 0 0 0 1 1 0 1 1 1 1 1 1 1 1 1 0 0 1 1 1 1 1 1 0 0 0 1 1 1 1 1 0 1 0 1 1 1 1 1 0 1
"X17" 1 1 1 1 1 1 1 1 1 0 1 1 1 1 1 0 1 0 0 0 1 0 1 1 1 1 1 0 1 1 0 1 0 0 1 0 1 1 0 0 0 0 1 0 0 1 1 0 0 1 1 1 1 1 1 0 0 0 0 1 1 0 1 0 0 0 0 1 1 0 1 1 1 0 1 1 0 1 0 0 0 0 1 1 1 0 0 0 0 0 0 1 1 0 0 0 1 0 1 0 0 1 1 1 0 1 0 1 1 0 1 0 1 1 1 1 0 1 1 1 1 1 0 0 1 0 0 1 1 1 1 1 0 0 0 0 0 0 0 0 0 1 1 0 0 0 0 0 1 1 0 1 1 1 0 1 1 0 0 0 0 0 0 0 0 0 1 1 0 0 0 0 1 1 1 1 1 1 0 1 0 1 1 0 1 0 0 0 0 1 0 0 0 1 1 0 1 1 1 1
"X18" NA 1 1 1 1 1 1 1 1 1 1 1 1 0 1 0 1 1 0 1 1 1 1 NA 1 1 1 0 1 1 1 1 1 1 1 0 1 1 1 1 0 1 1 1 1 0 1 1 1 1 1 1 0 1 0 0 1 1 0 0 0 0 0 1 1 0 0 1 0 0 1 1 1 1 1 1 1 1 1 1 1 0 1 0 1 1 1 1 1 0 1 1 1 1 1 0 1 1 1 1 1 1 1 1 1 0 0 1 0 0 1 0 1 1 1 1 1 1 1 1 0 1 1 0 1 1 1 0 0 1 1 1 0 1 1 1 NA 1 0 1 1 1 1 0 1 1 1 1 1 1 1 1 0 1 0 0 1 1 1 0 0 NA 1 1 1 0 1 1 1 0 1 1 1 1 1 1 1 1 1 0 1 1 1 0 0 1 1 1 1 1 1 0 0 1 0 1 0 1 1 1
"X19" 1 1 1 1 1 0 1 1 1 1 1 1 1 1 0 0 1 0 1 0 1 1 1 0 1 1 1 0 1 1 1 1 1 1 1 1 0 0 1 1 1 1 0 0 1 0 1 0 1 1 1 1 0 0 1 1 1 1 0 0 1 0 1 0 1 0 0 1 1 0 1 1 1 1 1 1 0 0 1 0 1 1 0 1 1 1 1 1 1 1 1 0 1 1 1 0 0 1 1 0 1 1 1 1 0 1 1 1 1 1 1 1 0 1 0 1 1 1 0 0 1 1 1 0 1 1 0 1 1 0 1 1 1 0 1 1 1 1 0 0 1 1 1 0 1 0 0 1 1 1 0 1 1 1 0 0 0 1 1 1 0 1 1 1 1 1 1 1 0 0 0 1 1 1 1 0 1 1 1 1 1 1 1 0 1 1 1 1 1 1 1 1 0 1 1 1 0 1 1 0
"X20" 1 0 0 0 0 1 0 0 1 1 1 1 1 1 1 1 0 0 1 0 1 0 1 1 0 0 1 1 0 1 1 1 1 1 1 1 1 0 1 0 0 1 0 0 0 0 1 1 0 1 1 0 0 1 1 1 0 0 1 1 1 1 1 0 1 0 1 1 0 0 1 1 1 1 1 1 1 0 1 0 1 1 0 1 1 1 0 1 1 1 1 1 0 0 0 0 0 1 1 1 0 1 1 1 0 1 1 0 0 1 0 1 1 1 1 1 1 1 1 1 1 0 1 1 1 1 1 1 0 0 1 0 1 0 1 1 1 0 0 1 0 1 1 0 0 0 1 1 0 0 1 0 1 0 0 0 1 1 1 0 0 1 1 1 0 1 1 1 1 1 0 1 1 1 1 1 1 0 0 1 0 1 0 0 1 1 0 1 1 1 1 1 1 1 1 1 0 1 0 1
"X21" NA 1 NA 1 1 1 0 0 0 0 1 1 1 1 0 0 0 1 0 0 1 0 0 0 0 1 0 0 1 1 1 1 1 1 1 1 1 1 1 1 1 1 1 0 1 1 0 0 0 1 0 0 0 0 1 0 0 1 0 0 1 0 0 1 0 0 1 0 0 1 0 0 0 0 0 1 1 1 0 1 1 1 1 1 1 1 1 1 NA 1 1 1 0 0 1 1 1 0 1 1 0 1 1 1 0 1 1 1 1 1 1 1 1 1 0 1 1 1 1 1 1 1 0 0 1 0 1 1 0 0 1 1 1 0 1 1 0 0 0 0 1 1 1 1 1 1 1 0 1 0 1 1 1 1 0 0 1 0 1 1 0 0 0 1 0 0 0 0 0 0 1 1 1 1 1 1 0 1 1 1 0 0 0 0 0 1 1 0 0 1 1 1 0 0 0 0 1 1 1 1
"X22" 1 1 1 1 1 1 1 1 0 0 1 1 0 0 1 1 0 1 1 0 1 1 0 1 0 1 0 1 1 1 0 1 1 1 0 0 1 1 1 0 0 0 0 0 1 0 0 1 1 1 1 1 1 1 1 1 1 1 1 0 1 0 0 1 1 1 0 1 0 0 1 1 1 1 1 1 1 1 0 1 1 0 1 1 1 1 1 0 NA 1 1 1 1 1 1 1 0 1 0 1 0 1 1 1 0 0 1 0 1 1 1 0 0 0 1 1 0 1 1 1 0 1 1 1 1 1 1 1 1 1 0 1 1 0 0 0 0 0 0 0 0 1 0 0 1 1 1 1 0 1 0 0 1 0 1 1 1 0 0 0 0 1 1 1 1 1 1 1 0 0 1 1 1 1 1 1 0 1 1 1 1 1 1 0 1 1 1 1 1 1 1 1 1 1 1 0 1 1 1 0
"X23" 0 1 1 1 0 0 0 0 0 1 1 0 1 1 1 1 0 0 1 0 0 1 1 1 1 1 0 1 1 0 0 0 1 1 1 1 0 1 0 1 0 1 0 0 1 0 1 0 1 1 1 1 0 1 1 1 0 0 1 0 1 1 0 0 1 0 0 1 0 0 1 1 1 1 1 1 0 1 1 1 1 1 1 1 0 1 0 1 1 1 0 0 1 1 1 1 1 1 0 0 1 1 1 1 1 1 1 0 0 0 0 0 1 1 1 1 1 1 1 1 1 1 0 0 1 1 1 1 1 0 1 1 0 1 1 0 0 0 0 0 NA 1 0 1 1 1 1 1 1 1 0 1 1 1 1 1 0 1 1 1 1 1 0 1 1 0 1 0 1 1 0 1 1 0 1 1 1 1 1 1 1 1 0 0 0 0 1 0 1 0 1 1 1 NA 1 1 1 1 0 1
"X24" 1 1 1 0 0 0 1 1 1 1 0 1 1 1 0 1 1 0 0 1 1 1 1 1 1 1 0 1 1 1 0 1 1 1 1 1 0 0 1 1 0 0 1 0 1 0 1 1 0 1 1 1 1 1 0 1 0 1 1 0 0 0 1 1 0 1 0 1 0 0 1 1 1 1 1 1 1 0 1 0 1 1 1 1 1 1 1 1 NA 1 0 0 1 1 1 0 1 1 1 1 1 1 1 0 0 1 1 1 1 1 1 1 0 1 0 1 1 1 1 1 1 1 0 0 1 1 0 1 1 1 1 1 1 1 1 1 1 1 1 0 0 0 1 0 1 1 1 0 1 1 1 1 1 1 0 1 1 1 1 1 0 0 0 1 1 0 1 1 1 1 0 1 1 1 1 0 1 0 1 1 1 1 1 1 1 1 1 1 1 1 0 1 0 1 0 0 0 1 1 0
"X25" 1 1 1 1 1 1 1 0 0 0 1 1 0 0 1 1 0 NA 0 0 1 1 1 NA NA 1 0 0 0 1 0 0 0 0 1 1 1 NA 1 1 1 1 0 0 1 0 1 1 1 1 1 1 0 1 NA NA 1 1 0 0 1 1 0 0 0 1 1 1 1 0 1 1 0 1 1 1 NA 0 0 1 0 1 1 1 1 1 1 1 0 0 1 0 1 1 0 1 1 1 1 1 1 1 1 1 0 0 1 NA 1 NA 1 NA 0 1 1 1 1 1 1 NA 0 1 0 0 0 1 0 NA 0 1 0 1 1 1 1 0 1 1 1 1 0 1 1 0 1 1 0 0 1 1 1 1 1 1 1 1 1 1 NA 1 0 1 NA 1 0 1 1 1 0 0 1 1 1 1 1 1 1 1 1 1 1 1 0 1 1 NA 1 1 1 1 0 1 0 1 1 0 0 1 1 0
"X26" 1 0 1 1 1 1 0 1 0 1 1 1 1 1 0 1 1 NA 0 0 1 1 1 NA NA 1 1 0 1 1 1 0 0 1 1 0 0 NA 1 1 1 1 1 1 1 0 1 1 1 0 1 1 1 1 NA NA 0 0 0 0 1 0 1 0 1 0 1 0 1 0 1 1 1 1 1 1 1 1 1 1 1 0 1 1 1 1 0 0 0 1 1 0 1 1 1 1 1 1 0 1 1 1 1 1 1 1 0 NA 0 NA 1 NA 0 1 1 1 1 1 1 NA 0 1 0 1 1 1 0 NA 1 1 0 1 1 1 0 0 1 1 1 1 1 1 1 0 1 1 0 1 1 1 0 1 1 1 1 1 1 1 1 1 0 1 NA 1 0 1 1 0 1 0 0 1 1 1 1 1 1 1 1 1 1 1 0 0 1 NA 0 0 1 1 1 1 1 1 1 1 1 1 1 0
